"","Bcells","CAFs","CD4_Tcells","CD8_Tcells","Endothelial","Macrophages","NKcells","otherCells"
"TCGA-GU-A42Q-01A-11R-A23W-07",0.000384179346954925,0.028971326490389,0.0770753881548478,0.00898706456357742,0.00652980583408336,0.00440222004876899,7.5261855433453e-11,0.873650015486117
"TCGA-E7-A6MD-01A-41R-A352-07",0.0184183806686871,0.0977242597111882,0.0543511550062992,0.0163039621218036,0.0319266566424963,0.015607579306394,1.66219713831724e-10,0.765668006376912
"TCGA-CF-A3MG-01A-11R-A20F-07",0.000444748023743314,0.00746435962317814,0.102213405283644,0.0265031998326489,0.0207026882483048,0.00121702871872473,5.26706807150363e-09,0.841454565002688
"TCGA-ZF-AA4X-01A-11R-A38B-07",0.0021273337202678,0.00461216356325679,0.0578512522674004,0.0205426027889108,0.0103986918723807,0.00244303268648592,1.87453235005926e-09,0.902024921226765
"TCGA-H4-A2HQ-01A-11R-A180-07",0.00055576497234401,0.0111136669983473,0.0481123359954758,0.0305853640782219,0.0120429329006313,0.00803080156444145,8.15059226274065e-10,0.889559132675479
"TCGA-GD-A3OP-11A-11R-A220-07",0.00187078395541912,0.0795096706833158,0.0881993982735567,0.0342411563716163,0.0550624021269897,0.0190158519063588,4.90052666547339e-10,0.722100736192691
"TCGA-2F-A9KO-01A-11R-A38B-07",0.00559156398350763,0.0515916720608008,0.086574505990644,0.0272882185280116,0.0145134553896834,0.0359902534054469,3.85314151257522e-09,0.778450326788764
"TCGA-UY-A9PH-01A-11R-A38B-07",0.00938869028017186,0.0523329791995076,0.0560279424708958,0.0282628261698885,0.0243328932621445,0.0831138380940887,0.00311002726281364,0.743430803260489
"TCGA-DK-AA6W-01A-12R-A39I-07",0.003421354830619,0.0260066840933586,0.0549352605411231,0.0170689258177156,0.0132847606116476,0.0302878580261956,3.59896584347122e-10,0.854995155719444
"TCGA-DK-A6B0-01A-11R-A31N-07",0.000777472152859846,0.00216231723166852,0.0781902733379857,0.0146665090486298,0.0193848343895818,0.00477895316343912,6.87331597973669e-12,0.880039640668962
"TCGA-E7-A3X6-01A-12R-A22U-07",0.0023347075188865,0.0313264139167961,0.0823734647026265,0.0343618966275127,0.0222322721205028,0.0227880935426989,7.13282831400351e-10,0.804583150857694
"TCGA-XF-AAN4-01A-11R-A42T-07",0.00797602527900736,0.120322594865292,0.0453639049371329,0.0314577477200573,0.0871565406311387,0.0967270452549499,2.71390748215517e-08,0.610996114173347
"TCGA-K4-A5RJ-01A-11R-A28M-07",0.000224335443945387,0.0142386153536071,0.0120542516893611,0.0343214055140278,1.2684769752162e-06,0.423611175619284,0.00177798047942431,0.513770967423376
"TCGA-K4-AAQO-01A-11R-A38B-07",0.0117894706806766,0.0751705614516856,0.0632603110698365,0.0453598244431616,0.0435932486368987,0.0245459050782227,5.48717689547002e-09,0.736280673152341
"TCGA-XF-A9T3-01A-11R-A42T-07",0.00711813672393668,0.14835523843595,0.0456540022867196,0.0310024415387355,0.046790190125433,0.0234440074997931,0.00141941910396242,0.69621656428547
"TCGA-CF-A1HR-01A-11R-A13Y-07",0.00439284354224327,0.0310383638646665,0.0782249047046827,0.0303033315943294,0.0650890828730777,0.00912100237345815,4.33502476241746e-10,0.78183047061404
"TCGA-GC-A3RC-01A-11R-A22U-07",0.000661062396154007,0.0398224021977374,0.0814112863831659,0.00952556991050374,0.022738093177316,0.0705942333435867,0.0034654789023684,0.771781873689168
"TCGA-XF-A9SI-01A-11R-A39I-07",0.0559896915171687,0.0518283246748298,5.46676090002119e-07,0.239591708260275,0.0389060180970088,0.0841855620278859,9.34351619568287e-09,0.529498139403225
"TCGA-CF-A47Y-01A-11R-A23W-07",3.78998728000222e-05,0.00306934903791371,0.0832332907029629,0.015211132306923,0.027663404169543,0.00300980199345224,7.11236901885644e-11,0.867775121845282
"TCGA-HQ-A5ND-01A-11R-A26T-07",0.000814771059580524,0.00780650499627091,0.0852694520120175,0.0197181779506343,0.00809510616759443,0.00420223030249728,2.99889297335473e-09,0.874093754512512
"TCGA-DK-A1AD-01A-11R-A13Y-07",0.00254438374649502,0.0640657792340038,0.0834127426467631,0.0307760162600463,0.017564952980346,0.0121375822647943,1.54248706493784e-07,0.789498388618845
"TCGA-CF-A5UA-01A-11R-A28M-07",6.262044661617e-06,0.00788924785576638,0.146881097173145,0.0120191694289905,0.0261559159179701,0.00567274873375578,7.71391047691116e-10,0.801375558074319
"TCGA-BL-A0C8-01A-11R-A10U-07",0.00314537012382226,0.0347016504430261,0.0839101686793718,0.0373923908229379,0.0780493982220451,0.0267079717058306,2.94215300837233e-07,0.736092755787665
"TCGA-CF-A9FL-01A-11R-A38B-07",0.00224512405773822,0.0610989167748915,0.0189586549334184,0.0555644153787901,0.0359653280686561,0.0154304245384852,2.7620246879516e-08,0.810737108627773
"TCGA-BL-A0C8-01A-11R-A277-07",0.0030684096139925,0.0284935035090667,0.0820999506509381,0.0332703076699968,0.081220644248647,0.0226862033676587,1.31502524134882e-09,0.749160979624675
"TCGA-DK-AA6M-01A-11R-A39I-07",0.00060850412268734,0.0466808797175223,0.0206614154856381,0.0420878286099392,0.0293153844760578,0.107970025056863,0.00670693626766051,0.745969026263632
"TCGA-BT-A3PH-01A-11R-A220-07",7.16694405984858e-07,0.0368145033242217,1.60539723203874e-07,0.17044842575435,0.078566706676698,0.00617553145061057,0.00166076353546201,0.706333192024528
"TCGA-ZF-AA4U-01A-11R-A38B-07",3.91912185710114e-11,0.000985751675516896,0.0809373751042453,0.0122817836440432,0.0120435794997154,0.00310995625418852,2.82505095814045e-10,0.890641553500594
"TCGA-ZF-A9RE-01A-11R-A38B-07",0.00148264129908781,0.0075962357635376,0.0793004282727793,0.0149440885733389,0.01320182959092,0.00358710998625409,8.82660366709064e-11,0.879887666425816
"TCGA-BT-A20U-01A-11R-A14Y-07",0.00455558746329703,0.0782177752892972,0.0349931823036623,0.03654680692251,0.0243711918199188,0.01590757772286,6.42763706970339e-10,0.805407877835691
"TCGA-C4-A0F1-01A-11R-A034-07",0.000836340217115125,0.0428829788967327,0.0550281115685103,0.00654579295731298,0.0106521763345502,0.00897615646014485,4.16380993086247e-08,0.875078401927534
"TCGA-DK-AA6Q-01A-11R-A39I-07",0.00160913451615886,0.00541281691228368,0.0654881699614677,0.0209338265554941,0.00586515773098086,0.0324990985796101,0.00245079343008067,0.865741002313924
"TCGA-XF-A9T6-01A-11R-A42T-07",8.55723598181434e-08,0.0118024600677094,0.010886598191183,0.0458368741725407,0.0204126613259614,0.0282192577295675,0.000439916284251655,0.882402146656427
"TCGA-BL-A0C8-01B-04R-A277-07",0.00478332840794259,0.0203954326503374,0.104931937211658,0.0341076254187352,0.0827542728650906,0.0171589152628047,3.43242763809662e-08,0.735868453859155
"TCGA-GD-A3OQ-11A-21R-A220-07",0.00352257816022481,0.164337751889453,0.122212791246716,0.0480363640447555,0.0398637792428483,0.0192227443484543,5.97043232166481e-09,0.602803985097116
"TCGA-UY-A78L-01A-12R-A33J-07",0.000455405824760349,0.0713126369262759,0.0196685049767628,0.013326339788934,0.0115037956543023,0.0130303931232515,5.50949443473989e-10,0.870702923154764
"TCGA-SY-A9G0-01A-12R-A38B-07",0.0192610114997898,0.20035981239908,0.0287992799934906,0.0329318131537829,0.0756040708798972,0.0172126724322342,3.00344906245008e-09,0.625831336638276
"TCGA-XF-A8HH-01A-11R-A38B-07",5.28497723982093e-07,0.132727456360292,2.18275307413452e-06,0.0875819590428799,0.0482627939505325,0.0244124147152829,0.00133118843350952,0.705681476246705
"TCGA-GV-A3JZ-01A-11R-A21D-07",0.00164695830037533,0.0678014508857859,0.0370849964549204,0.0235618508114435,0.0223168936793673,0.0244821713002097,3.42892820361228e-07,0.823105335675077
"TCGA-XF-A9SM-01A-11R-A42T-07",0.00141344638641773,0.115580043795416,0.00931643912189452,0.0426852931358172,0.0164361162271572,0.159475500988119,0.00627527535113494,0.648817884994043
"TCGA-XF-AAMX-01A-11R-A42T-07",0.000539841159078082,0.102924697516003,0.0796511447133259,0.0220757605330327,0.0262564972009497,0.01787568079395,2.40102803892717e-08,0.75067635407338
"TCGA-XF-A9T4-01A-11R-A39I-07",0.00122803197541664,0.042248485443319,0.116628145161076,0.0199326438116675,0.0214986423104376,0.0122751916797836,3.2203244854617e-10,0.786188859296267
"TCGA-GV-A3JX-01A-11R-A20F-07",0.0021669298778421,0.0189012589365037,0.0222877529487722,0.0637960706209958,0.0228400730346113,0.0324328793208288,0.000399111633827303,0.837175923626619
"TCGA-G2-A2EJ-01A-11R-A180-07",7.45858098128303e-05,0.0102480224735202,0.0678528179375989,0.025211722456807,0.00998206980667039,0.036188614264424,0.000409023932562387,0.850033143318604
"TCGA-XF-AAN5-01A-11R-A42T-07",0.000769881909353748,0.0241074092997337,0.0735958042743771,0.0180383899408156,0.0106914747548609,0.0336191761677386,0.00532937394897284,0.833848489704148
"TCGA-DK-A1AA-01A-11R-A13Y-07",0.00179061601965709,0.00677814066780007,0.0908227759103899,0.0231814161918644,0.0250904734072931,0.00521023308459398,3.68847907153613e-11,0.847126344681517
"TCGA-FD-A3SR-01A-11R-A22U-07",0.000781430970287588,0.109534669054982,1.61338440105601e-07,0.123060751569717,0.0406714949446812,0.0485580183752151,0.00211694289553025,0.675276530851147
"TCGA-ZF-A9R7-01A-11R-A38B-07",0.00945846291383782,0.0111896929623706,0.0907075473371983,0.0559057038938788,0.0274719686009307,0.0381880867469455,0.00632306894726415,0.760755468597574
"TCGA-FD-A5BR-01A-11R-A26T-07",0.0251790269712461,0.0560566598126577,0.0576794677132587,0.0177480665720353,0.0327595677951435,0.0216259103963495,1.21745809282834e-09,0.788951299521851
"TCGA-DK-AA74-01A-11R-A39I-07",0.00185143264502179,0.192047750371734,9.84272268915037e-06,0.0195322609555049,0.0461560521451407,0.165313078196899,0.00453401322195823,0.570555569741053
"TCGA-KQ-A41S-01A-12R-A33J-07",0.000654411470541372,0.233174270968872,0.0225713128326579,0.00946668173572729,0.0477281372755699,0.0322120416398035,6.32532790816348e-08,0.654193080823549
"TCGA-DK-A3WX-01A-22R-A22U-07",0.00092533538769427,0.284335333264597,0.0826511412118611,8.84863295113307e-07,0.0194221981029587,0.0382053001689495,0.0056718916163992,0.568787915384246
"TCGA-XF-A9T8-01A-11R-A39I-07",0.000485369674807884,0.0709159091963289,0.0318949200121425,0.0110911301408092,0.0180983699699503,0.0803582821413299,0.00661170527435453,0.780544313590277
"TCGA-GD-A6C6-01A-21R-A31N-07",0.000528988368519391,0.00754478265317473,0.0217687472748887,0.00603743163035919,0.00620181331536111,0.0254470985399663,6.04265412739361e-10,0.932471137613465
"TCGA-E7-A4XJ-01A-11R-A26T-07",3.34118224321242e-08,0.013383047563269,0.0444239698526382,0.0886328074370828,0.034799222535385,0.00666720119427613,4.00700184244107e-05,0.812053647987102
"TCGA-BL-A13J-01A-11R-A277-07",0.000695012331001992,0.166973998187414,0.0407182036109564,0.0179576815575749,0.0157911815561467,0.0132900234713615,3.82711812279253e-09,0.744573895458427
"TCGA-XF-AAMJ-01A-11R-A42T-07",0.00380798789755483,0.716351487691302,0.0139315721589441,1.85953815151448e-06,0.0301065927197308,0.0259793346026999,0.000185342165630924,0.209635823225986
"TCGA-K4-A4AB-01B-12R-A28M-07",0.00150550616867356,0.120391178287047,0.0724858357781758,0.0130044420482554,0.0220317291276792,0.0267323394182576,4.53025009766064e-10,0.743848968718886
"TCGA-K4-A5RI-11A-11R-A28M-07",0.0479725670509469,0.0701694339233649,0.0967117760453992,0.0337035567248293,0.097217228064001,0.0834643190139003,3.41453700224864e-08,0.570761085032188
"TCGA-GC-A6I3-01A-11R-A31N-07",0.00796968649518227,0.0278459367473887,0.0334759888899937,0.012854959925069,0.0109014812194395,0.0433987345263268,1.46386258242492e-08,0.863553197557974
"TCGA-BL-A13J-01B-04R-A277-07",0.00137234972782552,0.129874833666486,0.0928258217780126,0.0167698038140105,0.0278975563450931,0.0142061350932151,3.07483027224457e-09,0.717053496500527
"TCGA-E7-A7XN-01A-11R-A352-07",4.4093066864953e-08,0.00896997448564865,0.0472455761245312,0.0358238227995623,0.0050830267577722,0.0436034788662424,0.0137917991644331,0.845482277708743
"TCGA-FD-A6TG-01A-11R-A32O-07",0.00545909623963223,0.138326956986561,0.0475555296745672,0.0440115759693918,0.04315899138599,0.0471386495527363,1.4829392527359e-08,0.674349185361729
"TCGA-FD-A3SP-01A-31R-A22U-07",1.95091333822312e-06,0.500951437143457,0.0483298425344467,7.03475251789194e-05,0.0350502563980185,0.117488496922451,8.57327314066542e-07,0.298106811235796
"TCGA-4Z-AA7R-01A-11R-A39I-07",0.0023067930986713,0.0475071515828948,0.0344694617293304,0.0184039204520566,0.0253752275991898,0.0151166395467412,1.76975537240987e-08,0.856820788293562
"TCGA-E7-A8O7-01A-11R-A36F-07",0.00615770430902491,0.0138296110771857,0.109441038650404,0.0249465554502206,0.0275637811709415,0.0139887186923812,1.67899420763512e-09,0.804072588970848
"TCGA-UY-A9PB-01A-11R-A38B-07",0.0130190579054782,0.194454093303738,0.0329909524833425,0.00246063027877122,0.00844004198505218,0.0996562221413781,0.00840612654498508,0.640572875357255
"TCGA-BL-A3JM-01A-12R-A21D-07",1.60538076189172e-06,0.0620226808486895,1.65387262156968e-08,0.138119395305946,0.0230925635576568,0.0213134540749361,1.64629176086038e-09,0.755450282646992
"TCGA-G2-AA3D-01A-11R-A39I-07",0.00440357104623802,0.0165754770050418,0.0842218490944652,0.065325030863524,0.043341159936564,0.00337807949174561,1.30691646290541e-08,0.782754819493257
"TCGA-DK-A2I2-01A-11R-A180-07",1.06304685363389e-06,0.0677695300247712,0.0426359339827009,5.23583604440167e-09,0.0181107692603877,0.124742629798287,8.08114872853084e-06,0.746731987502435
"TCGA-4Z-AA7O-01A-31R-A39I-07",0.00580785910424524,0.0382777517460365,0.0683687050922508,0.0217470850426097,0.0298822004983186,0.0132887491463373,1.48385088633424e-10,0.822627649221817
"TCGA-UY-A9PE-01A-11R-A38B-07",0.00360542916104511,0.0435622182509757,3.96344639794661e-06,0.0566617762153288,0.0212682045179709,0.0214513964650536,0.0006920444908782,0.85275496745235
"TCGA-CF-A9FF-01A-11R-A38B-07",0.0167206104624328,0.0276942866546206,0.0907554946687418,0.0169403875301528,0.0367042718713971,0.00422896256105799,5.16907567139341e-10,0.806955985734689
"TCGA-KQ-A41R-01A-21R-A352-07",0.000554519114957273,0.00609179255544701,0.032242423878639,0.0082700555573145,0.026250548207445,0.0119493953642384,1.00723444279895e-09,0.914641264314724
"TCGA-FD-A3B4-01A-12R-A206-07",0.0226702357488488,0.100861472476701,0.0841473149609712,0.0132065597703037,0.0132386936927597,0.0288653304688519,0.00272654138811754,0.734283851493447
"TCGA-GU-A42R-01A-11R-A23N-07",9.59492244036445e-08,0.0128138060327705,0.139427384776995,0.0214651495721935,0.0386768944371226,0.00252042537538344,1.29801757924199e-09,0.785096242558293
"TCGA-CF-A47S-01A-11R-A23W-07",0.000262048417665411,0.00576102109973911,0.0721934189118647,0.0126483443903035,0.015532220697203,0.0113416017318454,1.03305754717138e-09,0.882261343718321
"TCGA-FD-A62S-01A-11R-A30C-07",0.00722596876190723,0.518689009585407,0.0315320722860432,9.64267793747304e-07,0.0214052390488946,0.0747575280075482,2.00752473307562e-07,0.346389017289932
"TCGA-K4-A6MB-01A-11R-A31N-07",3.53123366850478e-07,0.216330643842226,0.0334647013511164,0.0531251468086346,0.0290157456115762,0.0153566813329434,3.38641918746426e-08,0.652706694065945
"TCGA-4Z-AA82-01A-11R-A39I-07",0.000596654687889063,0.139531553759493,0.0566894615518581,0.00641372105021663,0.0104477186823795,0.0157277296010722,7.91042679170255e-08,0.770593081562824
"TCGA-UY-A78O-01A-12R-A33J-07",0.00284075128188868,0.0182366641898915,0.0612890308760583,0.0227786957175771,0.0215563457507222,0.00682324456142545,2.39227274657559e-08,0.866475243699709
"TCGA-CF-A7I0-01A-22R-A352-07",0.00174937630161047,0.0382338293758236,0.0620636569411542,0.0291437938858628,0.0588509347762105,0.00552149149316854,1.21187163750407e-09,0.804436916014298
"TCGA-CF-A3MI-01A-11R-A20F-07",8.76148016773509e-08,0.00537650359472382,0.0236638876079734,0.0438446995162633,0.0395888115867225,0.00491122763196078,2.33830026052561e-09,0.882614780109254
"TCGA-FD-A3SO-01A-11R-A22U-07",0.00174598152598906,0.217795549761023,0.0418660991067005,3.2421602183733e-06,0.0209613316638099,0.0700525330969309,6.86207499556834e-08,0.647575194064579
"TCGA-UY-A78M-01A-21R-A352-07",0.000982944534892735,0.0943127551276756,0.0299892635384998,0.00659813423714323,0.00949660318892059,0.0134305739630592,9.51683114373802e-09,0.845189715892978
"TCGA-FD-A3B6-01A-21R-A20F-07",0.00137251003585693,0.0510605897983129,0.0417577147124676,0.0384083261208309,0.016359736914941,0.064428694880162,0.00164663433596877,0.78496579320146
"TCGA-4Z-AA87-01A-11R-A39I-07",0.00409983394542191,0.0305298982399746,0.0337092067800523,0.0185952570309482,0.011672479306715,0.0354798300404023,5.00054205126472e-08,0.865913444651065
"TCGA-ZF-AA4T-01A-11R-A38B-07",0.00122293010889176,0.0158580715839376,0.0378987845747246,0.00962679636652104,0.0100369955308079,0.0265887741986415,2.49643717623305e-09,0.898767645140039
"TCGA-XF-AAMH-01A-11R-A42T-07",3.42252501098378e-06,0.0335910134865808,7.67550619884964e-06,0.149834333196783,0.0155906260600816,0.00657102393243855,1.27484309823602e-09,0.794401904018063
"TCGA-DK-AA76-01A-11R-A39I-07",0.000214889442568776,0.0291192546986149,0.12881920275622,0.0471278723350536,0.022658004119551,0.00278112546811625,2.27343793863255e-08,0.769279628445496
"TCGA-FD-A43U-01A-11R-A23W-07",0.0120237778839893,0.199253572543588,0.0294037172204808,5.72514744780812e-07,0.0384723969238983,0.137463938913423,0.00124177409240747,0.582140249907468
"TCGA-YF-AA3L-01A-11R-A38B-07",0.0005109026233227,0.0102968993808449,0.0596799273963674,0.00906499837006406,0.0408115211572984,0.00992707346737102,3.4563771166782e-09,0.869708674148354
"TCGA-UY-A8OD-01A-11R-A36F-07",0.00619334317359847,0.0884400364535823,0.0246479933649094,0.00353227133693938,0.0228329666711297,0.0278227151725822,1.64411621270347e-10,0.826530673662847
"TCGA-BT-A3PJ-01A-21R-A220-07",0.000938679981098539,0.032445709639893,0.0688348297555757,0.019889318955199,0.0140012820835808,0.0397715825798993,0.00219722629358722,0.821921370711166
"TCGA-ZF-AA58-01A-12R-A42T-07",0.00282525567354336,0.0882299751381689,0.0450136377075045,0.0176608274040713,0.0126761922114563,0.194609452014332,0.0108844464726562,0.628100213378267
"TCGA-YF-AA3M-01A-11R-A42T-07",0.00139346780606544,0.0171900284719314,0.0445251176667218,0.0129483057824773,0.0130150581860345,0.00819933428715671,8.634617145689e-11,0.902728687713267
"TCGA-GD-A76B-01A-11R-A32O-07",0.00969464854792418,0.0115694405854746,0.0623405779866022,0.0325236375495749,0.0417476030867085,0.0303021342463622,1.52250804335834e-08,0.811821942772273
"TCGA-XF-AAMW-01A-11R-A42T-07",0.0018553866169649,0.0474305490782339,0.0759575527280115,0.0124567318354759,0.0250141575471967,0.0280375301359027,8.6101726526243e-11,0.809248091972113
"TCGA-E5-A2PC-01A-11R-A206-07",0.000262897658493942,0.00532703395201112,0.0442791369962167,0.0118269857529658,0.00695303430974804,0.00951862164157551,1.11344630636899e-10,0.921832289577644
"TCGA-HQ-A2OF-01A-11R-A26T-07",0.00136263293830499,0.0107019219657207,0.0409754948950096,0.0135752794660713,0.018741075023953,0.0032471073604404,2.79450365034508e-10,0.91139648807105
"TCGA-DK-A1A7-01A-11R-A13Y-07",0.00892027741290822,0.00982483955389701,0.0804633387657461,0.0124836239893026,0.029378055358296,0.00468426451277985,5.28410308880668e-08,0.854245547566039
"TCGA-K4-A54R-01A-11R-A26T-07",3.03533635337499e-06,0.258307373952019,0.0352100502056349,0.0227320377963571,0.0119840040401135,0.0386610299741451,0.00773101519310114,0.625371453502276
"TCGA-FD-A62O-01A-11R-A30C-07",0.000258238501005031,0.0524950666636358,0.0747628344217049,0.0276696758957197,0.0313846461739418,0.0161405507502281,1.79863781928062e-09,0.797288985795127
"TCGA-5N-A9KM-01A-11R-A42T-07",0.00261529885894128,0.0563371454058178,0.0948361846054987,0.0575785391028608,0.0198443157189232,0.0202858436117846,2.1727264728196e-08,0.748502650968909
"TCGA-ZF-AA52-01A-12R-A39I-07",0.000589619054733996,0.21720595602612,1.04827909846444e-06,0.0650849623935457,0.0359189788293857,0.0390382004098822,0.00301648372469346,0.639144751282541
"TCGA-BT-A20Q-01A-11R-A14Y-07",0.00981411643482078,0.148351251610662,0.0824896918644283,0.018202704520839,0.0346401942788119,0.0356454157121257,5.09844603287756e-09,0.670856620479866
"TCGA-XF-A9SW-01A-11R-A42T-07",0.0103753027562242,0.188457816280986,0.0276639071457967,0.0301337643564357,0.106450643334128,0.0429713363931968,3.02250623452349e-08,0.59394719950817
"TCGA-ZF-A9RC-01A-11R-A38B-07",0.000482299201699409,0.145011246466676,0.0514821951722909,0.0120118345198995,0.0232219884189347,0.0137777082219161,2.64523054332918e-08,0.754012701546278
"TCGA-XF-AAME-01A-12R-A42T-07",0.0398475878858611,0.338249718923502,0.0586620313093687,0.0128738862034869,0.0984587354488253,0.0781125400942541,1.33193192063864e-06,0.373794168202781
"TCGA-PQ-A6FI-01A-11R-A31N-07",0.000811868000200623,0.0137114479214593,0.0515074153165394,0.00763675810366069,0.00668299065185417,0.0239423951331157,0.00205773241654085,0.893649392456629
"TCGA-KQ-A41Q-01A-11R-A33J-07",0.00140642323163859,0.0331391450767406,0.0575838975544324,0.0134314179948404,0.0104201629173885,0.00738662535877295,2.48402572168483e-09,0.876632325382161
"TCGA-E7-A7PW-01A-11R-A352-07",0.000360036767368121,0.0150432153483985,0.0741105264695561,0.023377319552114,0.0116008020305045,0.0197328610452358,7.29797512409338e-10,0.855775238057025
"TCGA-XF-A8HC-01A-11R-A36F-07",0.000736151783774387,0.0176440787317581,0.0754405173029157,0.0256511040364387,0.0152690291304606,0.00610240011868363,1.29299523132285e-08,0.859156705966017
"TCGA-KQ-A41P-01A-12R-A33J-07",0.00125118721674732,0.0696556370195777,0.0685583693532195,0.0134495344432808,0.0241040717238929,0.0234199562263509,7.37139406351017e-10,0.799561243279791
"TCGA-FD-A62P-01A-32R-A30C-07",0.000243795032590962,0.0957660876943557,3.33906684955962e-08,0.133671602698839,0.0474240382253648,0.0360424448545789,0.00248753547498814,0.684364462628614
"TCGA-BT-A20N-01A-11R-A14Y-07",0.000389388816360643,0.0540459725016208,0.0718637386410969,0.0122446178702894,0.0102732296064456,0.0155096844041576,5.0745445521698e-09,0.835673363085484
"TCGA-CF-A3MF-01A-12R-A21D-07",2.68748013262274e-06,0.00811005709716859,0.103012753267069,0.0363799374807179,0.0403968187987856,0.00242527059169045,1.30112999217772e-09,0.809672473983306
"TCGA-FJ-A871-01A-11R-A352-07",1.95639731176266e-07,0.111685335606795,0.0390405399347917,2.05069030781325e-06,0.0141326725072704,0.00308210218964897,7.57221940095542e-07,0.832056346209514
"TCGA-E7-A4IJ-01A-31R-A26T-07",0.000825700432126043,0.0127575687739821,0.0668380829090623,0.0206811990956716,0.0205623238321424,0.0201550437021249,0.000100854306546887,0.858079226948344
"TCGA-DK-A3IS-01A-21R-A21D-07",0.000662273596506443,0.00531826897658837,0.0614315397704776,0.0174115892155142,0.0173846050929,0.00353989222502645,1.06605976590042e-09,0.894251830056927
"TCGA-XF-A8HE-01A-11R-A36F-07",0.00109483681197497,0.0947158270601657,0.0517244770349744,0.0118594656314173,0.0144758438986277,0.0262446575672853,0.00358417228893408,0.79630071970662
"TCGA-CF-A9FH-01A-11R-A38B-07",0.000864624118693496,0.00427664800615215,0.0852318513560122,0.0153215022839096,0.013994080909507,0.00271496652270492,1.35848861623437e-10,0.877596326667172
"TCGA-XF-A9SP-01A-11R-A39I-07",0.00520716747925944,0.272759759914957,2.60246431869107e-07,0.0816277708507509,0.0564537196794988,0.0390785474695749,0.00163614895782987,0.543236625401698
"TCGA-K4-A3WV-11A-21R-A22U-07",0.00655105938224501,0.00641468556078568,0.106556141313135,0.0309274158571233,0.0325832172674468,0.00640525588929382,2.23862403182478e-10,0.810562224506108
"TCGA-FD-A6TH-01A-11R-A32O-07",5.60355833970479e-05,0.0770329511529768,4.99390530768639e-08,0.276605422255802,0.0850182740793307,0.0262913859260595,0.00670822650401893,0.528287654559362
"TCGA-DK-AA6L-01A-11R-A39I-07",2.40666503978427e-05,0.0312828815194148,0.0470774963558361,0.0135076115940222,0.016267600158052,0.0323485444057143,3.93943050841781e-09,0.859491795377132
"TCGA-BT-A20J-01A-11R-A14Y-07",0.00767668951056413,0.00954974188353282,0.0491824741940581,0.0332162372618974,0.0167174096731514,0.0473617878056212,2.56374716367818e-10,0.8362956594148
"TCGA-KQ-A41N-01A-11R-A33J-07",8.84196400330588e-05,0.0152948941106374,0.0275322651017646,0.025519435772491,0.0164395399508038,0.00287002798115961,2.31143054210887e-09,0.91225541513168
"TCGA-E7-A3Y1-01A-11R-A22U-07",1.90263272163432e-08,0.0101791976163159,0.133630616772481,0.0103203720207725,0.0403391590994945,0.003386511432254,5.31553139116802e-10,0.802144123500802
"TCGA-BT-A2LA-01A-11R-A18C-07",0.00206342360868248,0.0177657959680161,0.0280016254354263,0.0186921125509789,0.0146746659565065,0.00388153325229138,3.21928576261624e-11,0.914920843195905
"TCGA-FD-A5C0-01A-11R-A28M-07",0.0015636136298679,0.0597129709428309,0.0514120321584079,0.0259121776799131,0.0223586945391843,0.0197971611808364,2.75161188411652e-09,0.819243347117348
"TCGA-ZF-AA4N-01A-11R-A38B-07",0.00347723959202304,0.0159458205609593,0.0427318228635971,0.0145811672271341,0.00685324592420605,0.0366814553620666,1.02322711528903e-11,0.879729248459782
"TCGA-ZF-A9R0-01A-11R-A38B-07",0.000409924787400108,0.0440939122816329,0.00637319069284948,0.12186063595085,0.0316485334236463,0.0136987125892504,0.000934672125911859,0.780980418148459
"TCGA-GD-A3OS-01A-12R-A220-07",0.00414325429678989,0.295505358416006,0.0201388052902298,0.0144453454566341,0.0113490544621609,0.019143807350323,1.46118516142028e-07,0.63527422860934
"TCGA-FD-A6TD-01A-51R-A33J-07",0.00534487540100953,0.100142421726535,0.0382214515941907,0.0158257480914665,0.020075004681389,0.0748303399547771,0.00327725295848773,0.742282905592144
"TCGA-DK-A3IU-01A-11R-A20F-07",0.0717995739705655,0.0874955582391326,3.11891618836217e-08,0.117243639695411,0.0463718889530752,0.0847920062558337,0.00483413340865377,0.587463168288166
"TCGA-SY-A9G5-01A-11R-A38B-07",6.81024836039935e-07,0.309660545726189,0.00168514098110681,0.079100635537061,0.0305735857708083,0.0503360292884975,0.0118390613138357,0.516804320357666
"TCGA-G2-A3IB-01A-11R-A20F-07",0.00125075573365007,0.0144353158172781,0.0547444882392144,0.0457254417445507,0.0119756910721116,0.00916515063839482,2.74778051796635e-09,0.86270315400702
"TCGA-DK-A2HX-01A-12R-A18C-07",0.000882550066840814,0.217635653551747,0.02913380143089,0.0369372957904814,0.0396012478161561,0.0266219123320554,1.80920188407188e-08,0.64918752091981
"TCGA-GV-A3QK-01B-11R-A23N-07",0.00179453591390482,0.0117772331818266,0.131997002198965,0.0281500034010712,0.0308885519004766,0.00967773437421504,5.93420816779603e-10,0.78571493843612
"TCGA-LT-A8JT-01A-11R-A36F-07",0.00277139642966386,0.0142172346117253,0.0941204736754996,0.0253861313375064,0.0248753498878411,0.00819808322985616,1.06528366123883e-09,0.830431329762624
"TCGA-ZF-AA56-01A-31R-A39I-07",0.0123728216840473,0.069938649154332,0.0591213289994464,0.0133724917481055,0.0409533035147054,0.0289270771851314,8.50351779302456e-10,0.77531432686388
"TCGA-CF-A47V-01A-11R-A23W-07",0.00206120657728329,0.0189941226166049,0.133609581997974,0.0340300926855155,0.0653967427953252,0.00405021173948789,8.6210529746299e-09,0.741858032966756
"TCGA-GU-A42P-01A-11R-A23W-07",0.000943798444088524,0.0073281732944354,0.0305700974707588,0.0203848005010861,0.0303014607605056,0.0030380013240853,9.9630934373089e-10,0.907433667208731
"TCGA-G2-A2EC-01A-11R-A180-07",0.0100764769095039,0.185518789323598,0.0895420223930731,0.0223015874796258,0.0363511608296094,0.0155236252923082,4.73112519149974e-08,0.640686290461029
"TCGA-ZF-A9R2-01A-11R-A39I-07",0.00106534870411607,0.00203017150259904,0.109384870827798,0.01847551521286,0.0135838235975404,0.00206683646697709,5.54958851405352e-11,0.853393433632614
"TCGA-BT-A20P-01A-11R-A14Y-07",1.54060536090685e-08,0.0108016225932962,0.0813597859865415,0.0217465228635191,0.0114840011266184,0.00464698913413459,3.12505417490104e-10,0.869961062577331
"TCGA-DK-A1A5-01A-11R-A13Y-07",0.00100823155541463,0.30360976393577,0.067571918290542,0.00964580434485778,0.0152664745103258,0.0145225416717406,1.08965457309145e-08,0.588375254794803
"TCGA-GV-A40E-01A-12R-A23N-07",1.1657354999142e-07,0.069307053460938,0.024185056132962,0.0581614183840976,0.017992040877542,0.0228103973358397,0.000934035644621509,0.806609881590449
"TCGA-G2-A2ES-01A-11R-A180-07",0.000634559093966822,0.0697182464353777,0.0420310357496616,0.015001909890982,0.0152947642300851,0.0266782268493672,0.000533446880267848,0.830107810870292
"TCGA-K4-A3WU-01B-11R-A23N-07",0.0445696512213708,0.0253841270357572,9.93207054687928e-07,0.17402346526127,0.0773809370886151,0.0281902437364707,0.00101172082216224,0.6494388616273
"TCGA-C4-A0F7-01A-11R-A084-07",0.000728740294956205,0.0229653934825271,0.0687476396926596,0.0174925527159691,0.0361406732942419,0.00472619259492986,5.83442213025e-09,0.849198802090294
"TCGA-DK-A2I4-01A-11R-A21D-07",0.00599079895585264,0.114925850166856,0.075163143699054,0.0252368612190267,0.0194343410456224,0.187167063996011,0.00766757456987864,0.564414366347699
"TCGA-ZF-A9R1-01A-11R-A39I-07",0.00698767082492534,0.0235066728425285,0.118283877676966,0.025108853480842,0.0173853866551395,0.00590584871654568,2.51592826423262e-08,0.80282166464377
"TCGA-DK-AA6T-01A-11R-A39I-07",0.679456001149713,0.0162845578676549,2.16554454555656e-08,2.02187403765426e-08,0.00789879945244248,0.026273939230574,0.000120138805025929,0.269966521620404
"TCGA-C4-A0F6-01A-11R-A10U-07",0.00348381646520482,0.10167129385373,0.0582523592638746,0.0396111984391996,0.031232190235354,0.0153985669933193,1.1909926987791e-08,0.75035056283939
"TCGA-DK-A3IN-01A-11R-A20F-07",0.00322272854318266,0.155878071594841,0.060408257139643,0.00997485785867645,0.0266560564026198,0.0887657819877031,5.06133979013567e-09,0.655094241411994
"TCGA-4Z-AA7Y-01A-11R-A39I-07",0.00240182760449396,0.0110144159275284,0.103175442641874,0.0250754355171841,0.0353853538197562,0.0028283249094333,3.42040406569942e-09,0.820119196159326
"TCGA-GC-A3OO-01A-11R-A22U-07",0.00345158630368167,0.0649401206318623,0.0757600656318248,0.0207467697591868,0.0440259390063966,0.0189382760524373,1.01220925971935e-09,0.772137241602401
"TCGA-DK-A1AC-01A-11R-A13Y-07",0.00302964983350256,0.0639009035747699,0.0559509202711692,0.033659790163177,0.0116650056796567,0.0587119997419556,4.65824696025708e-08,0.773081684153299
"TCGA-DK-A6AV-01A-12R-A30C-07",0.00512910857209018,0.0236773521764078,0.0582179070396157,0.0243755190011777,0.0321582638871237,0.0148462026520193,2.48745777978132e-08,0.841595621796988
"TCGA-CU-A3KJ-01A-11R-A21D-07",0.00093055099272889,0.024952569070734,0.0356462446856072,0.0121703388816958,0.00497866991513778,0.0325619445567236,3.22031560373473e-10,0.888759681575341
"TCGA-DK-A3IQ-01A-31R-A32Y-07",1.87697456871365e-08,0.999999688371012,1.70697311926429e-07,5.02101452651404e-09,4.90973429976739e-08,4.32217892236211e-08,2.37407099517709e-08,1.08107345297981e-09
"TCGA-UY-A8OC-01A-11R-A36F-07",0.00619099194770421,0.221629811934933,0.0228858902543849,1.0059549535588e-07,0.0254716259570824,0.0133452972276291,2.14947446703755e-07,0.710476067135325
"TCGA-DK-A6B5-01A-11R-A31N-07",0.000461806718812836,0.0279405830482061,0.037564886089018,0.0305820787363492,0.0111036917040329,0.0223004355860847,9.65555015487015e-10,0.870046517151941
"TCGA-ZF-AA51-01A-21R-A39I-07",0.00775651266257719,0.0633795667400221,0.0451103383525954,0.030135123285482,0.0219423594837412,0.0610433537673641,2.13641469903075e-08,0.770632724344071
"TCGA-G2-A2EF-01A-12R-A18C-07",0.00135731899154031,0.00935175232839558,0.0698173407597594,0.0141714291479573,0.0101941258401892,0.0608431898915739,0.0286531192306357,0.805611723809949
"TCGA-GV-A3JW-01A-11R-A20F-07",0.00156039537982078,0.0287608737503271,0.0549456188898729,0.0345402191632614,0.0231320389041762,0.00419890129722332,1.31332867225051e-08,0.852861939482032
"TCGA-CF-A47X-01A-31R-A23W-07",0.00130474053146643,0.0081952687648897,0.0931241162867726,0.0138304009878266,0.0232444702527729,0.0022744468852853,3.97669378860288e-10,0.858026555893317
"TCGA-BT-A20R-11A-11R-A16R-07",0.00266570071454094,0.0652335872946857,0.0558106287744524,0.0309051209980029,0.0704543931448295,0.0141655234962286,3.1073753766249e-08,0.760765014503506
"TCGA-CF-A8HX-01A-11R-A36F-07",1.74662556648677e-05,0.0108616077555218,0.188754527750559,0.0104726994628834,0.0194468469819455,0.00599512436669452,1.00972395508795e-10,0.764451727325759
"TCGA-FD-A3SN-01A-12R-A22U-07",1.94373765050654e-06,0.0843713310784633,0.0779215846029034,0.0296460757646675,0.0203661558150273,0.0444187894937739,0.000378322679146743,0.742895796828367
"TCGA-DK-A3X1-01A-12R-A22U-07",0.000434604729103589,0.0561679526972706,0.0539199875272596,0.0164662869266666,0.0165307488368475,0.0157196264467791,7.45986066761391e-10,0.840760792090087
"TCGA-DK-AA6S-01A-21R-A39I-07",0.000314127049838539,0.314288545482014,0.0333089099239394,1.64641429081736e-06,0.0175292731073178,0.0296078796751258,0.000489136689677692,0.604460481657796
"TCGA-GC-A3YS-01A-11R-A23N-07",2.69654373552835e-08,0.225011945353468,0.0866177138463553,2.51152344701474e-06,0.0149992474323799,0.0509853511500197,0.00126185170858042,0.621121352020312
"TCGA-ZF-AA5H-01A-11R-A39I-07",0.0047627764348031,0.0579355022478438,0.0634958438904232,0.0223523046606575,0.0158789786448702,0.0370079965275461,0.00517066803875521,0.793395929555101
"TCGA-FD-A43N-01A-11R-A23W-07",0.0020517781766978,0.147332660651114,0.0492772447528544,0.0480461587357385,0.0522729591949853,0.0253213106583942,1.2849344344877e-07,0.675697759336772
"TCGA-GC-A4ZW-01A-11R-A26T-07",0.00173278189273232,0.00450967772358873,0.0331088610166887,0.0214414133793285,0.0132986605688986,0.00966270242638545,4.12738033849776e-09,0.916245898864997
"TCGA-GC-A3BM-01A-11R-A22U-07",0.00270174544026023,0.0100425206609173,0.0622034110999354,0.0239799830605953,0.0191584033900042,0.00913131164177939,6.96175037793259e-10,0.872782624010333
"TCGA-GU-AATP-01A-11R-A39I-07",0.000277375976616418,0.24543336447443,1.42520023186331e-06,0.0718214969146394,0.030557502321667,0.0325004336786918,0.000786436925234195,0.618621964508489
"TCGA-PQ-A6FN-01A-11R-A31N-07",0.00663732551172717,0.0456567985735767,0.00705818664012414,0.0192699937767105,0.0251448500082779,0.0140806701702196,0.000531188070791314,0.881620987248573
"TCGA-FD-A43S-01A-21R-A23W-07",0.0642597278686658,0.0546708050543462,0.054062696366906,0.0270813415628545,0.0729913884031093,0.0492881232564525,6.45739805680468e-09,0.677645911030268
"TCGA-FD-A6TI-01A-11R-A32O-07",0.000431561180455667,0.030076320127328,0.0318231361997685,0.089818964481951,0.0360459143521653,0.0139489830745105,3.6890622970213e-09,0.797855116894759
"TCGA-UY-A9PF-01A-11R-A38B-07",0.00318482471345016,0.0343012017457138,0.0787195834998326,0.0729150320740594,0.0476028793290169,0.0184343733345726,1.42179947245446e-08,0.74484209108536
"TCGA-XF-A9SK-01A-11R-A42T-07",0.000689737964252619,0.286235300674066,0.0517629749083756,0.0110030406892375,0.0142702568927639,0.0413260079814812,2.75850064222662e-08,0.594712653304817
"TCGA-GV-A3QF-01A-31R-A22U-07",0.00127829460581442,0.0127706832417509,0.0602432154788576,0.0212885543207085,0.0190352838547004,0.00775393236340032,4.38508619476195e-08,0.877629992283906
"TCGA-BT-A2LA-11A-11R-A18C-07",0.00224770088960138,0.0138725237620569,0.0891674139429666,0.0272300737437863,0.0224843162554962,0.0112927005257904,2.56530522562203e-11,0.833705270854649
"TCGA-FD-A5BY-01A-31R-A28M-07",7.10210872166783e-06,0.100812098005325,0.0676865156191826,0.0171541703835662,0.015529296158803,0.0277719315729516,1.12536787548594e-09,0.771038885026082
"TCGA-KQ-A41O-01A-12R-A352-07",5.58591977281876e-07,0.00183605371663187,0.0303910235129321,0.0225376278137952,0.00444060653139739,0.0140321993613456,1.40695056139528e-09,0.92676192906497
"TCGA-CU-A72E-01A-12R-A33J-07",0.000139974799076969,0.068174179539094,0.0706272815770693,0.0150683880114076,0.0143188486614658,0.0154397577187298,1.03586766945176e-09,0.816231568657289
"TCGA-E7-A5KE-01A-11R-A28M-07",0.000887303518759339,0.00495074700290423,0.0384339447859909,0.0236471167214935,0.0213134821269385,0.00129856777223084,1.46763283014267e-10,0.90946883792492
"TCGA-BT-A20W-11A-11R-A14Y-07",0.00947924303424768,0.158798818016718,0.0887525954033611,0.0609403767756721,0.0919681008698244,0.0265060420869012,1.15974584152505e-07,0.563554707838691
"TCGA-FD-A3SM-01A-11R-A22U-07",0.00173634550691926,0.164352227199482,0.0442172764201487,0.0530554616839367,0.0280436987407537,0.0107257585919888,2.44783140684286e-08,0.697869207378456
"TCGA-XF-A9SH-01A-11R-A39I-07",0.00309831091275718,0.0142120666167024,0.0475423914834759,0.0318689510227047,0.0278450804298526,0.0134061145640736,7.49433922514146e-10,0.862027084221
"TCGA-FD-A43P-01A-31R-A23W-07",0.0119033174917239,0.0539450584086849,0.0359113411928962,0.03980595380373,0.0203418950481824,0.0644663292621016,0.00277940457698006,0.770846700215701
"TCGA-BL-A13J-01A-11R-A10U-07",0.000312047185217395,0.129364838860654,0.0320163843384016,0.0230789411567133,0.0133482237302511,0.0144028262671014,7.21649695006023e-09,0.787476731245164
"TCGA-FD-A3SS-01A-12R-A22U-07",4.12730557043419e-07,0.0398905903873672,4.27811902007867e-08,0.159591379515366,0.0477099294473514,0.00649506164514433,0.00339990025170328,0.742912683241321
"TCGA-FT-A61P-01A-11R-A30C-07",0.00121000796979563,0.146515170681394,0.0290680636155839,0.019401537838013,0.0191134379743523,0.0473252873510269,0.000811008138784308,0.73655548643105
"TCGA-BT-A20W-01A-21R-A14Y-07",0.00588264289395971,0.0350366741371257,0.0543429569913983,0.0206128116983007,0.0543396135632322,0.011828253394043,2.32216380471e-09,0.817957044999777
"TCGA-XF-AAN1-01A-31R-A42T-07",0.00129954541712521,0.00819055219089187,0.0669666401852285,0.0143672349833023,0.0270320533276827,0.00565451640854096,9.98809136321627e-10,0.876489456488419
"TCGA-GV-A3QG-01A-11R-A220-07",0.0917912244178206,0.164021998579568,0.0798217748601507,0.0486656394923957,0.0702827099668202,0.0694241997632696,1.70711210619853e-08,0.475992435848854
"TCGA-BL-A13I-01B-04R-A277-07",0.0010574822261965,0.0510288274224922,0.0625978675960094,0.061583764595203,0.0514915400202227,0.168973140547799,3.47260880330175e-08,0.603267342865989
"TCGA-BL-A13I-01A-11R-A13Y-07",0.000467568992149991,0.0398365515231278,0.00100414867945336,0.024408712910875,0.0511081034936033,0.32818355437428,0.000256303301412878,0.554735056725098
"TCGA-FD-A3NA-01A-11R-A21D-07",0.000252461017104964,0.10267184580941,0.0550257392198945,0.0209692732189509,0.0182515134655338,0.0342472395938603,0.00130045893621082,0.767281468739035
"TCGA-E7-A519-01A-11R-A26T-07",0.0019586789197624,0.00399971482286497,0.0240220028739058,0.00967703054641874,0.0280179876754751,0.00656809566295392,0.000364450564048466,0.925392038934571
"TCGA-FD-A5BX-01A-11R-A26T-07",0.000499528878517438,0.120390903720598,2.4496955960361e-07,0.0265175909154596,0.0541480160333934,0.0662702930741596,0.0017574730790047,0.730415949329308
"TCGA-DK-A3IL-01A-11R-A20F-07",0.00645927964865271,0.0450852127994523,0.0447553200161727,0.0697898604667283,0.0279428067758876,0.00685556129228768,7.72520136219653e-08,0.799111881748805
"TCGA-GU-A764-01A-11R-A352-07",0.013546523761066,0.0871633987913353,0.0393981723084674,0.0285471316568546,0.0281551944697592,0.0597796482102173,0.00425331079373231,0.739156620008568
"TCGA-G2-A3IE-01A-11R-A20F-07",0.00243195867566969,0.0283444950382775,0.106913743256387,0.0360192655564096,0.0261787589459134,0.00926315669066344,9.67986264403509e-09,0.790848612156817
"TCGA-GV-A3QH-01A-11R-A220-07",0.00120101341160671,0.00813343800300899,0.0328460239383983,0.0286688068491596,0.0110620344816776,0.00639274318900679,7.54145473640063e-10,0.911695939372997
"TCGA-G2-AA3C-01A-21R-A39I-07",0.000252440238363323,0.0106615199261798,0.00828208050709285,1.34149948197694e-07,0.0213211646786627,0.295701109060715,0.000716452715990361,0.663065098723048
"TCGA-ZF-AA54-01A-11R-A39I-07",0.000610602648285113,0.0881910240568548,0.000311906640085067,0.0175360644089037,0.0308549459696285,0.218915094196722,0.000223247546167086,0.643357114533354
"TCGA-4Z-AA86-01A-11R-A39I-07",0.0040865078368149,0.168557282591534,0.108769400083427,0.01280996665696,0.0219459348506548,0.0918295927578703,0.00647277194796463,0.585528543274774
"TCGA-XF-A9SU-01A-31R-A39I-07",0.00445717897365392,0.106413659414718,0.0235850002332198,0.047981043740891,0.0406251362052024,0.0237491218780606,2.8030522461898e-08,0.753188831523732
"TCGA-GD-A3OQ-01A-32R-A220-07",0.000717169868132446,0.0507502349180087,0.0939444902389506,0.0321219360262442,0.0206118050096268,0.00786060390482382,3.16428077418008e-09,0.793993756869933
"TCGA-ZF-AA53-01A-11R-A39I-07",0.00130005348623372,0.0822344044984207,0.0344547708309271,0.00799978740468046,0.010266148953646,0.0865566564224663,0.00120072633352601,0.7759874520701
