"","Bcells","CAFs","CD4_Tcells","CD8_Tcells","Endothelial","Macrophages","NKcells","otherCells"
"TCGA-GU-A42Q-01A-11R-A23W-07",0.000383460939974287,0.0290328193461384,0.0781771092098413,0.00911552630070662,0.00654366562087496,0.00124304422245265,6.8627481236264e-11,0.875504374291384
"TCGA-E7-A6MD-01A-41R-A352-07",0.018538263171766,0.0987537737268867,0.0555908282114042,0.0166758325075775,0.0322630003567898,0.00444406970637718,1.52839690358797e-10,0.773734232166359
"TCGA-CF-A3MG-01A-11R-A20F-07",0.000442671791233348,0.00745923155016881,0.103383789352934,0.0268066719925213,0.0206884653407567,0.00034268599902699,4.78930805718706e-09,0.840876479184051
"TCGA-ZF-AA4X-01A-11R-A38B-07",0.00212057804213833,0.00461590699031117,0.0586014238775285,0.0208089838404245,0.0104071318905958,0.000688930841127323,1.70705532284998e-09,0.902757042810819
"TCGA-H4-A2HQ-01A-11R-A180-07",0.000556228642115459,0.0111674307879664,0.048932272866467,0.0311066039474061,0.0121011921332466,0.00227378179687086,7.45224913399643e-10,0.893862489080703
"TCGA-GD-A3OP-11A-11R-A220-07",0.00188630218253811,0.0804898833817836,0.0903711941740729,0.0350843004802208,0.0557412235245526,0.00542414300051757,4.51405044173609e-10,0.731002952804909
"TCGA-2F-A9KO-01A-11R-A38B-07",0.00570909472552349,0.052886797090556,0.0898257269006401,0.0283130008892809,0.0148777920857545,0.0103955283715329,3.59405674644932e-09,0.797992056342655
"TCGA-UY-A9PH-01A-11R-A38B-07",0.00993748421829523,0.0556135490605925,0.0602632960986402,0.030399314823048,0.0258582365063055,0.0248869967369936,0.00300726469633992,0.790033857859785
"TCGA-DK-AA6W-01A-12R-A39I-07",0.00348043989262304,0.0265616295577568,0.0567889680933069,0.0176448909880688,0.0135682384137613,0.0087163025141667,3.34464297559733e-10,0.873239530205852
"TCGA-DK-A6B0-01A-11R-A31N-07",0.000776165790451304,0.00216731869273976,0.0793230042620987,0.0148789805957793,0.0194296717026051,0.00134967791750162,6.268620589035e-12,0.882075181032555
"TCGA-E7-A3X6-01A-12R-A22U-07",0.00236071886621971,0.0318021281762855,0.0846400459109607,0.0353073956357164,0.0225698852573483,0.00651849738798775,6.58884938347556e-10,0.816801328106597
"TCGA-XF-AAN4-01A-11R-A42T-07",0.00852909732372256,0.129180645533829,0.0492950995770796,0.0341838474549295,0.0935729336109393,0.0292612034176711,2.65123123140225e-08,0.655977146569516
"TCGA-K4-A5RJ-01A-11R-A28M-07",0.000320966912423837,0.0204533212593186,0.0175258621903565,0.0499004200940221,1.82212711277246e-06,0.171457896569837,0.00232394249771757,0.738015768349212
"TCGA-K4-AAQO-01A-11R-A38B-07",0.0119377705508515,0.0764205972304392,0.0650934083109069,0.0466742183757239,0.0443181749838071,0.00703130091235399,5.07590987204612e-09,0.748524524560007
"TCGA-XF-A9T3-01A-11R-A42T-07",0.00720552261874516,0.150777229475672,0.0469628867566044,0.0318912708248015,0.0475540689235491,0.00671365044368654,0.00131264058133252,0.707582730375609
"TCGA-CF-A1HR-01A-11R-A13Y-07",0.00439843539622666,0.0312021855315998,0.0795928934532546,0.0308332730090462,0.0654326255321535,0.00258358505817534,3.96533684100376e-10,0.78595700162301
"TCGA-GC-A3RC-01A-11R-A22U-07",0.000693019535289316,0.0419144904278987,0.0867290139553074,0.010147773391174,0.0239326493689883,0.0209363014617126,0.00331896217625437,0.812327789683375
"TCGA-XF-A9SI-01A-11R-A39I-07",0.0591862702337113,0.0550064707882964,5.87245565280587e-07,0.257372090579819,0.0412917600823275,0.0251755070980126,9.02317252233235e-09,0.561967304949095
"TCGA-CF-A47Y-01A-11R-A23W-07",3.77853855796668e-05,0.00307231751510219,0.0843256969576103,0.0154107728105245,0.0276901584367243,0.000848890639776029,6.4779323432326e-11,0.868614378189904
"TCGA-HQ-A5ND-01A-11R-A26T-07",0.000812944574682503,0.00782016105329815,0.0864560884311751,0.019992582295022,0.00810926707974642,0.00118613168164639,2.73352046386135e-09,0.875622822150909
"TCGA-DK-A1AD-01A-11R-A13Y-07",0.0025529877948244,0.0645395527645298,0.085050191410668,0.0313801703519018,0.0176948477523525,0.00344529192151703,1.41391622162026e-07,0.795336816612584
"TCGA-CF-A5UA-01A-11R-A28M-07",6.25049986939451e-06,0.00790620194172692,0.148984561102981,0.012191294296295,0.0262121252873494,0.00160184264219951,7.03411079235012e-10,0.803097723526168
"TCGA-BL-A0C8-01A-11R-A10U-07",0.00318935973106771,0.0353277186265259,0.0864615688409203,0.0385293561453516,0.079457522744778,0.00766126297910913,2.72541739997734e-07,0.749372938390507
"TCGA-CF-A9FL-01A-11R-A38B-07",0.00225919240052235,0.0617277004422772,0.0193863998150569,0.0568180588657874,0.0363354559215779,0.00439256769614586,2.53908039054771e-08,0.819080599467829
"TCGA-BL-A0C8-01A-11R-A277-07",0.00310242619429829,0.0289246218026911,0.0843544091966992,0.0341839078470009,0.0824495456206528,0.006488998266802,1.2146697979464e-09,0.760496089857186
"TCGA-DK-AA6M-01A-11R-A39I-07",0.000656920044598618,0.0505966465310223,0.022666571160259,0.0461723816952955,0.0317744685882463,0.0329746279657638,0.00661468532388494,0.80854369869093
"TCGA-BT-A3PH-01A-11R-A220-07",7.15638764484345e-07,0.0369073192086641,1.62899263446486e-07,0.172953599625533,0.0787647872620505,0.00174446352757724,0.00151496871204134,0.708113983126106
"TCGA-ZF-AA4U-01A-11R-A38B-07",3.9078120811905e-11,0.000986838627856794,0.0820107507988125,0.0124446622651063,0.0120568595145945,0.000877257111656852,2.57339948914143e-10,0.891623631385555
"TCGA-ZF-A9RE-01A-11R-A38B-07",0.00147886038383178,0.00760717189817179,0.0803791451077668,0.0151473717116362,0.0132208359764928,0.00101219336999577,8.04304925888017e-11,0.881154421471674
"TCGA-BT-A20U-01A-11R-A14Y-07",0.00458593188005691,0.0790537329696704,0.0357967350901154,0.0373860357838266,0.024631660554888,0.00453017498414846,5.91113090880308e-10,0.814015728146181
"TCGA-C4-A0F1-01A-11R-A034-07",0.000837785592902742,0.0431289182678053,0.0560158955764052,0.00666329343875645,0.0107132679288301,0.00254371255733717,3.81045488043409e-08,0.880097088533414
"TCGA-DK-AA6Q-01A-11R-A39I-07",0.00163964744345303,0.00553751831700439,0.0678106251589771,0.021676218262518,0.00600028024109237,0.00936822158035184,0.00228139693322464,0.885686092063379
"TCGA-XF-A9T6-01A-11R-A42T-07",8.69370176127531e-08,0.0120386414922376,0.0112393240058335,0.0473219890357525,0.0208211432358954,0.00811044210341353,0.000408298033054406,0.900060075156795
"TCGA-BL-A0C8-01B-04R-A277-07",0.00481557830760213,0.020615073406536,0.10735016325174,0.0348936582524434,0.0836454631321651,0.00488692634308563,3.15686246175934e-08,0.743793105737803
"TCGA-GD-A3OQ-11A-21R-A220-07",0.00355026884642442,0.166292115315468,0.125168208044354,0.0491980057661097,0.0403378535883909,0.00548079687561562,5.49721095721494e-09,0.609972746066427
"TCGA-UY-A78L-01A-12R-A33J-07",0.000457692333219584,0.0719573672313134,0.0200873744250244,0.0136101435961543,0.0116078003020193,0.00370476178742797,5.05851247875882e-10,0.87857485981899
"TCGA-SY-A9G0-01A-12R-A38B-07",0.0194111840217732,0.202729647601597,0.0294938409998385,0.0337260397209095,0.0764983080349403,0.00490737169541058,2.76521705940264e-09,0.633233605160314
"TCGA-XF-A8HH-01A-11R-A38B-07",5.35272259845039e-07,0.134966535473503,2.24653398234279e-06,0.0901411385289193,0.0490769752574246,0.00699471571371474,0.00123170632452378,0.717586146895672
"TCGA-GV-A3JZ-01A-11R-A21D-07",0.00166851763089398,0.0689637544812485,0.0381788820115163,0.0242568480004182,0.0226994666984429,0.00701658583853134,3.17353000581974e-07,0.837215627985948
"TCGA-XF-A9SM-01A-11R-A42T-07",0.00158981650326074,0.13052215286737,0.0106486457535585,0.0487890877129122,0.0185609661002045,0.0507445434676907,0.00644816984519554,0.732696617749808
"TCGA-XF-AAMX-01A-11R-A42T-07",0.000544003813287821,0.104133211587506,0.0815651690257558,0.0226062430832544,0.0265647939178847,0.00509596286907005,2.21039150441392e-08,0.759490593599326
"TCGA-XF-A9T4-01A-11R-A39I-07",0.00123196357419635,0.0425532808247349,0.118896297041087,0.0203202883504071,0.0216537410510002,0.00348372758941184,2.95137127841015e-10,0.791860701274026
"TCGA-GV-A3JX-01A-11R-A20F-07",0.00220750939589939,0.0193322386440871,0.023072824164695,0.0660432446115114,0.0233608641644883,0.00934697158894347,0.000371439521149596,0.856264907909226
"TCGA-G2-A2EJ-01A-11R-A180-07",7.61855668866326e-05,0.0105096989519271,0.0704305615211686,0.0261695213776056,0.0102369553595632,0.0104572179779245,0.000381681608967441,0.871738177635957
"TCGA-XF-AAN5-01A-11R-A42T-07",0.000785281727486741,0.0246879842496363,0.076283603708297,0.01869717171173,0.010948955861313,0.00970099225258796,0.00496607863905615,0.853929931849893
"TCGA-DK-A1AA-01A-11R-A13Y-07",0.00178770933717762,0.00679420635603466,0.0921437711734439,0.0235185842719345,0.0251499433627242,0.00147156452129328,3.3641688629602e-11,0.84913422094375
"TCGA-FD-A3SR-01A-11R-A22U-07",0.000805357575032048,0.113340060890178,1.68971224092847e-07,0.128882650761409,0.0420844811354737,0.014157507389446,0.00199316518140605,0.698736608095831
"TCGA-ZF-A9R7-01A-11R-A38B-07",0.00967478545828123,0.0114913925507896,0.0942846449908055,0.0581103733849261,0.0282126753967142,0.0110503591085686,0.00590860170745232,0.781267167402463
"TCGA-FD-A5BR-01A-11R-A26T-07",0.0254532975933435,0.0568939440476996,0.0592520150232301,0.0182319419518116,0.033248877535562,0.00618453746618147,1.12433350675739e-09,0.800735385257838
"TCGA-DK-AA74-01A-11R-A39I-07",0.0020929294856922,0.217966432695564,1.1306773620709e-05,0.0224375774772104,0.0523852532191259,0.0528666273847118,0.00468236734204505,0.64755750562203
"TCGA-KQ-A41S-01A-12R-A33J-07",0.000666977428322534,0.23860227170993,0.0233772715736397,0.00980471058453943,0.0488391876647258,0.00928765766085259,5.88951183300584e-08,0.669421864482872
"TCGA-DK-A3WX-01A-22R-A22U-07",0.000947176099522138,0.292210692513682,0.0859720301377528,9.2041673907771e-07,0.0199601431613921,0.0110632541463055,0.00530390214971396,0.584541881374892
"TCGA-XF-A9T8-01A-11R-A39I-07",0.000513087895798301,0.0752655983733228,0.0342623712195747,0.0119143869300925,0.0192084492860256,0.024031312342354,0.00638511372813218,0.8284196802247
"TCGA-GD-A6C6-01A-21R-A31N-07",0.000536506448266,0.00768261853043278,0.0224356692508907,0.00622239844457458,0.00631511444253855,0.00730120946820923,5.59876939967299e-10,0.949506482855211
"TCGA-E7-A4XJ-01A-11R-A26T-07",3.33847416361892e-08,0.0134256891989853,0.0451067969595407,0.0899951549193015,0.0349101012992503,0.00188459975048501,3.6576607117796e-05,0.814641047880578
"TCGA-BL-A13J-01A-11R-A277-07",0.000698414130516764,0.168462432304222,0.0415801340899654,0.0183378130882951,0.0159319467868294,0.0037781045254998,3.51340645418555e-09,0.751211151561265
"TCGA-XF-AAMJ-01A-11R-A42T-07",0.00386439207180702,0.72986998290744,0.0143668818401526,1.91764178480837e-06,0.0306747437414696,0.00745832596019489,0.000171828768141242,0.21359192706901
"TCGA-K4-A4AB-01B-12R-A28M-07",0.00152725474407695,0.122618873318393,0.0747237850564173,0.0134059450644431,0.022439399973733,0.00767173554414065,4.19843218153802e-10,0.757613005878952
"TCGA-K4-A5RI-11A-11R-A28M-07",0.0507532337228265,0.074533659602459,0.103974511100109,0.0362345825512903,0.103263705845632,0.024980396511981,3.30018741346509e-08,0.606259877663828
"TCGA-GC-A6I3-01A-11R-A31N-07",0.00818883512240816,0.0287260845368485,0.0349535324264635,0.0134223445962517,0.0112460526620945,0.0126149539231537,1.37409645592225e-08,0.890848182991815
"TCGA-BL-A13J-01B-04R-A277-07",0.00137912556020837,0.131038141300287,0.0947948138299153,0.0171255196028857,0.02814743878455,0.00403870991716932,2.82290443209614e-09,0.72347624818208
"TCGA-E7-A7XN-01A-11R-A352-07",4.53481682331336e-08,0.00926220443955584,0.0493773023937067,0.0374401981385533,0.00524862507441283,0.0126863969499071,0.0129582509693274,0.873026976686369
"TCGA-FD-A6TG-01A-11R-A32O-07",0.00562154239400501,0.143012920467947,0.0497636848393619,0.0460551740420581,0.0446210452179692,0.0137321832262607,1.39506396483775e-08,0.697193435861758
"TCGA-FD-A3SP-01A-31R-A22U-07",2.12086050567854e-06,0.546768474987826,0.05339078117874,7.77140815349562e-05,0.0382559542057742,0.036132431502291,8.51445408023399e-07,0.32537167173792
"TCGA-4Z-AA7R-01A-11R-A39I-07",0.00232133658228927,0.0479978933997458,0.0352485082461948,0.0188198686393944,0.0256373499298311,0.00430340720966619,1.62696695399651e-08,0.865671619723209
"TCGA-E7-A8O7-01A-11R-A36F-07",0.00618537257396433,0.0139473183419682,0.111713075497684,0.0254644552608819,0.0277983833785224,0.0039751423391687,1.54075026894222e-09,0.81091625106706
"TCGA-UY-A9PB-01A-11R-A38B-07",0.0139725814929212,0.209530811506107,0.0359806260048264,0.00268361508632773,0.00909442849069409,0.0302572341130679,0.00824193217998506,0.69023877112607
"TCGA-BL-A3JM-01A-12R-A21D-07",1.62108082759304e-06,0.0628797580680985,1.69709221506322e-08,0.141728780962884,0.0234116744037569,0.00608846993931435,1.51869107333533e-09,0.765889677055506
"TCGA-G2-AA3D-01A-11R-A39I-07",0.00438878057395986,0.0165858834211786,0.0852983049155812,0.0661599627783855,0.0433683703840228,0.000952437395786258,1.18993354978348e-08,0.78324624863175
"TCGA-DK-A2I2-01A-11R-A180-07",1.16235008764879e-06,0.0743965391276203,0.0473736771024752,5.81764682883751e-09,0.0198817750900625,0.0385857685794517,8.07223257959035e-06,0.819752999700076
"TCGA-4Z-AA7O-01A-31R-A39I-07",0.00583415300117399,0.0386048506418405,0.0697904285170907,0.0221993144681246,0.0301375560074939,0.00377636147966996,1.36172064904243e-10,0.829657335748434
"TCGA-UY-A9PE-01A-11R-A38B-07",0.00364499443122421,0.0442164225082474,4.07183020319066e-06,0.0582112405707155,0.0215876039998802,0.0061351217436973,0.000639160515334365,0.865561384400698
"TCGA-CF-A9FF-01A-11R-A38B-07",0.0166839578503004,0.0277441133819281,0.0920230558949166,0.0171769900462646,0.036770309093022,0.001193736597143,4.71189783150022e-10,0.808407836665235
"TCGA-KQ-A41R-01A-21R-A352-07",0.000556815950283994,0.00614149304843959,0.0329002802506684,0.00843879314248782,0.0264647159052713,0.00339444510847494,9.2397822090373e-10,0.922103455670396
"TCGA-FD-A3B4-01A-12R-A206-07",0.0230380379825294,0.102907841871301,0.0868973403932737,0.0136381644538091,0.0135072923650982,0.00829838731394267,0.00253126473384406,0.749181670886202
"TCGA-GU-A42R-01A-11R-A23N-07",9.55532051819956e-08,0.0128119622185604,0.141100528524879,0.0217227336964426,0.0386713291111464,0.000710076839775139,1.18091974875359e-09,0.784983272875072
"TCGA-CF-A47S-01A-11R-A23W-07",0.00026287514088201,0.00580231303702209,0.073593990858409,0.0128937257088543,0.0156435473998466,0.00321862279657447,9.46735172523656e-10,0.888584924111676
"TCGA-FD-A62S-01A-11R-A30C-07",0.00760270008316415,0.547914176585999,0.0337132841043583,1.03097042872361e-06,0.022611302170208,0.0222512505723392,1.92960627891259e-07,0.365906062552875
"TCGA-K4-A6MB-01A-11R-A31N-07",3.55261277487662e-07,0.218510933396697,0.0342125258332036,0.0543123166859671,0.0293081809593776,0.00437065475574483,3.11241968281308e-08,0.659285001983536
"TCGA-4Z-AA82-01A-11R-A39I-07",0.000600603180557673,0.141016754018454,0.0579887397842318,0.00656071853301051,0.0105589261768461,0.0044787654355558,7.27445575177813e-08,0.778795420126786
"TCGA-UY-A78O-01A-12R-A33J-07",0.00284048564057495,0.0183078986977874,0.0622757417814654,0.0231454169261557,0.0216405473166225,0.00193009212158013,2.18527501281301e-08,0.869859795663064
"TCGA-CF-A7I0-01A-22R-A352-07",0.00174741282123022,0.0383436798182962,0.0629979487619715,0.0295825177638477,0.059020020670316,0.00156025793458722,1.10587214934297e-09,0.806748161123879
"TCGA-CF-A3MI-01A-11R-A20F-07",8.75026479084791e-08,0.00539109973645018,0.0240163262885034,0.0444977016054271,0.0396962873643385,0.0013875910514675,2.13343792749849e-09,0.885010904317727
"TCGA-FD-A3SO-01A-11R-A22U-07",0.00183019145696782,0.229213183988118,0.0445960244644626,3.45356886601223e-06,0.0220602008469168,0.0207734408186849,6.57125560042228e-08,0.681523439143428
"TCGA-UY-A78M-01A-21R-A352-07",0.000988124884776272,0.0951890448476337,0.0306355296532164,0.0067403234767137,0.00958483914107476,0.00381948765437225,8.7399954870208e-09,0.853042641602217
"TCGA-FD-A3B6-01A-21R-A20F-07",0.00143213944674592,0.0534920593988478,0.0442775181205336,0.040726015959075,0.0171387761531979,0.0190185247398927,0.00156965051158666,0.82234531567012
"TCGA-4Z-AA87-01A-11R-A39I-07",0.00418761991051161,0.0313083412360849,0.0349885778500517,0.0193010058799147,0.0119701009919277,0.0102520386147843,4.66610055046102e-08,0.88799226885572
"TCGA-ZF-AA4T-01A-11R-A38B-07",0.00124104767361691,0.0161573790644435,0.0390830886457127,0.00992762538400484,0.0102264352005858,0.00763330923479925,2.31442700975615e-09,0.91573111248241
"TCGA-XF-AAMH-01A-11R-A42T-07",3.41880254481458e-06,0.0336886965589315,7.79132253385427e-06,0.152095195591933,0.0156359637886985,0.00185689843597784,1.16337612132958e-09,0.796712034336005
"TCGA-DK-AA76-01A-11R-A39I-07",0.00021400363521773,0.0291152175322596,0.130365731720164,0.0476936623571604,0.0226548627571481,0.000783527722152814,2.06835554459185e-08,0.769172973592341
"TCGA-FD-A43U-01A-11R-A23W-07",0.0132848789369372,0.221032678164211,0.0330138110894916,6.42806264541852e-07,0.0426775631620133,0.0429668141903476,0.00125341610715157,0.645770195543583
"TCGA-YF-AA3L-01A-11R-A38B-07",0.000512091798800574,0.0103621498799108,0.0607875643489569,0.00923324132222386,0.0410701399924114,0.00281487191147551,3.16494982602633e-09,0.875219937581271
"TCGA-UY-A8OD-01A-11R-A36F-07",0.00629241209674092,0.0902141451194546,0.0254478062140709,0.00364689145875551,0.0232909963787508,0.00799685526112272,1.5260211214368e-10,0.843110893318503
"TCGA-BT-A3PJ-01A-21R-A220-07",0.000961565202943018,0.0333696900613072,0.0716549494019562,0.020704171833282,0.0144000069277439,0.0115255529141202,0.00205623141811674,0.845327832240531
"TCGA-ZF-AA58-01A-12R-A42T-07",0.00327211151992729,0.102593586144784,0.0529774707707094,0.0207853889451318,0.0147398434103296,0.063762007837361,0.0115162930979176,0.730353298273839
"TCGA-YF-AA3M-01A-11R-A42T-07",0.00139516613033128,0.0172798231725722,0.0453013171249127,0.0131740315853393,0.013083044301098,0.00232239074210168,7.89783563946147e-11,0.907444226864667
"TCGA-GD-A76B-01A-11R-A32O-07",0.00985962919627854,0.0118133911912054,0.0644282158955382,0.0336127769332293,0.0426278835968654,0.00871825251928661,1.41456897486701e-08,0.828939836521907
"TCGA-XF-AAMW-01A-11R-A42T-07",0.0018839228236031,0.0483526802985381,0.0783747953692123,0.0128531498647736,0.0255004756706878,0.00805371310447525,7.98686913189395e-11,0.824981262788841
"TCGA-E5-A2PC-01A-11R-A206-07",0.000263472234905616,0.00536003116570152,0.0450945495774805,0.0120447829738606,0.00699610344746751,0.00269867083154317,1.01942067332645e-10,0.927542389667099
"TCGA-HQ-A2OF-01A-11R-A26T-07",0.00135948130783828,0.0107198781940446,0.0415427587670744,0.013763215343698,0.0187725197516611,0.000916470983973066,2.54703586035337e-10,0.912925675397007
"TCGA-DK-A1A7-01A-11R-A13Y-07",0.0089049617591938,0.00984720269715248,0.0816260001370842,0.0126640071005345,0.0294449252198281,0.00132288722486065,4.81904520479247e-08,0.856189967670894
"TCGA-K4-A54R-01A-11R-A26T-07",3.10956559531116e-06,0.265682785715633,0.0366552606234821,0.0236650832663387,0.0123261815127127,0.0112045400318434,0.00723544832765351,0.643227590956741
"TCGA-FD-A62O-01A-11R-A30C-07",0.000259899503987196,0.0530440484338835,0.0764622343835289,0.0282986227049811,0.0317128598463917,0.00459547620512647,1.6537284575787e-09,0.805626857268373
"TCGA-5N-A9KM-01A-11R-A42T-07",0.00263846473341767,0.0570635149821566,0.0972256400619282,0.0590292654791367,0.0201001736807999,0.00578962927823799,2.00249317970807e-08,0.758153291759391
"TCGA-ZF-AA52-01A-12R-A39I-07",0.000603890234007243,0.223353076494861,1.09103878862574e-06,0.0677398019588717,0.0369355176666165,0.0113110780427844,0.0028224321013,0.65723311246277
"TCGA-BT-A20Q-01A-11R-A14Y-07",0.0100196741706927,0.152064318645548,0.0855812927326127,0.0188849169988832,0.0355071998622649,0.0102951763514863,4.7552815956113e-09,0.687647416483231
"TCGA-XF-A9SW-01A-11R-A42T-07",0.0106558004763716,0.194327010153739,0.0288719148318768,0.0314496239984325,0.109765865148413,0.0124850956895403,2.83588442381761e-08,0.612444661342782
"TCGA-ZF-A9RC-01A-11R-A38B-07",0.000484802146309226,0.146346853429202,0.0525874141111523,0.0122697043903942,0.0234358714809161,0.00391789405088409,2.42911200219679e-08,0.760957436100022
"TCGA-XF-AAME-01A-12R-A42T-07",0.0420162302787361,0.358085062393415,0.0628563144936976,0.0137943576432753,0.104232466293173,0.0233004077735559,1.28301902148277e-06,0.395713878105125
"TCGA-PQ-A6FI-01A-11R-A31N-07",0.000822338900992831,0.0139438416590072,0.0530166078072547,0.00786051885563446,0.00679625988384763,0.006860578192763,0.0019041025333575,0.908795752167143
"TCGA-KQ-A41Q-01A-11R-A33J-07",0.00140707915891543,0.0332872189040417,0.0585437211848938,0.0136552964214416,0.0104667227607613,0.002090625700869,2.2703593792501e-09,0.880549333598718
"TCGA-E7-A7PW-01A-11R-A352-07",0.00036332195149613,0.0152412002771226,0.0759978753845583,0.0239726622219636,0.0117534810894661,0.00563329579210832,6.72795663607604e-10,0.867038162610489
"TCGA-XF-A8HC-01A-11R-A36F-07",0.000735541771412548,0.0176999757932997,0.0765986999121116,0.0260449065137254,0.0153174019513917,0.00172491764912223,1.18024702971732e-08,0.861878544606467
"TCGA-KQ-A41P-01A-12R-A33J-07",0.00126624692376086,0.0707760116613481,0.0705071811903656,0.0138318453438235,0.0244917731631213,0.00670517160442901,6.81524940644098e-10,0.812421769431627
"TCGA-FD-A62P-01A-32R-A30C-07",0.000248919347760103,0.0981701060944781,3.46446105759462e-08,0.138691461693097,0.0486145249962743,0.0104105999474964,0.00232027310079939,0.701544080175484
"TCGA-BT-A20N-01A-11R-A14Y-07",0.000391802318286722,0.054598482997482,0.0734801616112768,0.0125200346793906,0.0103782525511948,0.00441483220141141,4.66462373254667e-09,0.844216428976334
"TCGA-CF-A3MF-01A-12R-A21D-07",2.67690390216906e-06,0.00811045358051216,0.104269017550836,0.0368235992085449,0.0403987937128454,0.000683400720761305,1.18397961932652e-09,0.809712057138619
"TCGA-FJ-A871-01A-11R-A352-07",1.951998454654e-07,0.111879953834541,0.0395835732372485,2.07921432751246e-06,0.0141572995154782,0.000869955743288453,6.90210594724607e-07,0.833506253044676
"TCGA-E7-A4IJ-01A-31R-A26T-07",0.000833602193869926,0.0129311743730343,0.0685704642726551,0.0212172366708193,0.0208421369070338,0.00575635798527777,9.30179587977738e-05,0.869756009638512
"TCGA-DK-A3IS-01A-21R-A21D-07",0.000660683884217854,0.00532672509034937,0.0622765351033405,0.0176510869015531,0.01741224683103,0.000999019638673772,9.71569439650363e-10,0.895673701579266
"TCGA-XF-A8HE-01A-11R-A36F-07",0.00111092104705222,0.0964917253765046,0.0533343098969516,0.0122285705232084,0.014747262389128,0.00753359774624732,0.00332245189473307,0.811231161126175
"TCGA-CF-A9FH-01A-11R-A38B-07",0.000861810350256466,0.00427978132250298,0.0863302601959161,0.0155189551525439,0.0140043337716704,0.000765555272497293,1.23701903776953e-10,0.878239303810911
"TCGA-XF-A9SP-01A-11R-A39I-07",0.00533167859669687,0.280398978771145,2.7078460352552e-07,0.0849331282190632,0.0580348265114306,0.0113195338246254,0.00153045750609542,0.55845112578634
"TCGA-K4-A3WV-11A-21R-A22U-07",0.0065443091628029,0.00643370816453708,0.1081701731987,0.0313958809752889,0.0326798420552327,0.00181015794014355,2.04300511405101e-10,0.812965928298994
"TCGA-FD-A6TH-01A-11R-A32O-07",5.6727242791235e-05,0.0782957207670175,5.13741736011496e-08,0.284554353886465,0.0864119438211579,0.0075295491254092,0.00620399609943399,0.536947657683552
"TCGA-DK-AA6L-01A-11R-A39I-07",2.45224728320737e-05,0.0320028809113604,0.048745972532415,0.0139863356106258,0.0166420113904361,0.00932461843963287,3.66706051681193e-09,0.879273654975637
"TCGA-BT-A20J-01A-11R-A14Y-07",0.00790741732204293,0.00987611254357979,0.0514811008515448,0.0347686546561574,0.0172887415579127,0.0138011884266741,2.41252541652315e-10,0.864876784400836
"TCGA-KQ-A41N-01A-11R-A33J-07",8.81923692497298e-05,0.0153166029666109,0.0279062177213289,0.0258660494572587,0.016462873463444,0.000809834196783594,2.10619770546445e-09,0.913550227719126
"TCGA-E7-A3Y1-01A-11R-A22U-07",1.89634943122958e-08,0.0101861639675087,0.135346224430968,0.0104528694207315,0.0403667660641788,0.00095486871334106,4.84000836082872e-10,0.802693087955777
"TCGA-BT-A2LA-01A-11R-A18C-07",0.0020597939255488,0.0178054830706274,0.0284050388764309,0.018961405826872,0.0147074477679519,0.00109614094936751,2.93583015611545e-11,0.916964689553843
"TCGA-FD-A5C0-01A-11R-A28M-07",0.00157835409665634,0.0605169994382674,0.0527371350594234,0.0265800427763459,0.022659751868043,0.00565334678744698,2.53745407763151e-09,0.830274367436363
"TCGA-ZF-AA4N-01A-11R-A38B-07",0.00355460971714679,0.0163658246383913,0.0443900358285511,0.015146990983761,0.00703375662422347,0.0106079528232771,9.55576297087692e-12,0.902900829375093
"TCGA-ZF-A9R0-01A-11R-A38B-07",0.000411736690712169,0.0444659664644639,0.00650502651271095,0.124381445012384,0.0319155763924246,0.00389244833530798,0.000857651202965507,0.787570149389031
"TCGA-GD-A3OS-01A-12R-A220-07",0.00418256843396847,0.29950256026464,0.0206591256612602,0.014818565585601,0.0115025693145466,0.00546710600453145,1.34754333294606e-07,0.643867369981119
"TCGA-FD-A6TD-01A-51R-A33J-07",0.00562392988257855,0.105792313472282,0.0408682702951188,0.0169216741815954,0.0212076076411511,0.0222744886913712,0.00315027376531521,0.784161442070588
"TCGA-DK-A3IU-01A-11R-A20F-07",0.0760942178346374,0.0930999631728309,3.35900200255302e-08,0.126268741043118,0.049342175084895,0.0254221580640688,0.00468041585592847,0.625092295354502
"TCGA-SY-A9G5-01A-11R-A38B-07",7.03816604793636e-07,0.321304010202714,0.00176974040740514,0.083071738525651,0.0317231751025961,0.0147164556339003,0.0111776330614961,0.536236543249632
"TCGA-G2-A3IB-01A-11R-A20F-07",0.00125249527544567,0.0145132139168177,0.0557084098919064,0.0465305592055795,0.0120403161615104,0.00259639590074907,2.51374751516757e-09,0.867358607134244
"TCGA-DK-A2HX-01A-12R-A18C-07",0.000895439916096647,0.221697530047018,0.0300380006225252,0.038083684910836,0.0403403517959625,0.00764124386803686,1.67695013804746e-08,0.661303732070023
"TCGA-GV-A3QK-01B-11R-A23N-07",0.00179639147797458,0.0118365685761177,0.134273301697073,0.0286354525972355,0.0310441728666068,0.00274062896354284,5.42684764500622e-10,0.789673483278765
"TCGA-LT-A8JT-01A-11R-A36F-07",0.00277268697191828,0.0142807505002722,0.0956892302559057,0.0258092556486321,0.0249864812009405,0.002320289769866,9.73651360724717e-10,0.834141304678814
"TCGA-ZF-AA56-01A-31R-A39I-07",0.0125743238612337,0.0713619716124833,0.0610571943512472,0.0138103598387001,0.0417867447854874,0.0083166448437144,7.8949708883856e-10,0.791092759917637
"TCGA-CF-A47V-01A-11R-A23W-07",0.00205480506481761,0.0190108728856431,0.135351627259379,0.034473788121288,0.0654544139527748,0.00114223259597328,7.85136996112037e-09,0.742512252268754
"TCGA-GU-A42P-01A-11R-A23W-07",0.000941513510797866,0.00733967353541644,0.0309899511164239,0.0206647679697775,0.0303490134161023,0.000857359514520798,9.07982594023295e-10,0.908857720028979
"TCGA-G2-A2EC-01A-11R-A180-07",0.0101359811110402,0.187360783045481,0.0915294274819276,0.0227965761705443,0.0367120871286405,0.00441751408811495,4.34767967595724e-08,0.647047587497455
"TCGA-ZF-A9R2-01A-11R-A39I-07",0.00106103611458188,0.00203004107089911,0.110706319045808,0.0186987127763813,0.0135829508825007,0.000582334088384432,5.04934665298627e-11,0.853338605970951
"TCGA-BT-A20P-01A-11R-A14Y-07",1.53767401180779e-08,0.010824194350875,0.0825200410627605,0.0220566455271491,0.0115079988257814,0.00131211602653942,2.84948542935897e-10,0.871778988545206
"TCGA-DK-A1A5-01A-11R-A13Y-07",0.00101384284064472,0.306520693781583,0.0690483602339405,0.00985656453152776,0.0154128454165719,0.00413124258871581,1.00100263145575e-08,0.59401644059699
"TCGA-GV-A40E-01A-12R-A23N-07",1.17933198507127e-07,0.0703958737151941,0.0248633660056805,0.0597926514928552,0.018274697512684,0.00652824761875663,0.000863247890307593,0.819281797831324
"TCGA-G2-A2ES-01A-11R-A180-07",0.000643956392111911,0.0710337191747933,0.0433442254397095,0.0154706195729703,0.0155833521741194,0.00765894693694965,0.000494551571309821,0.845770628738036
"TCGA-K4-A3WU-01B-11R-A23N-07",0.0452243069709257,0.0258600065264686,1.02411622969872e-06,0.179439175629371,0.0788316074575674,0.00809206251267404,0.000937841385253875,0.661613975401509
"TCGA-C4-A0F7-01A-11R-A084-07",0.000727546643769717,0.0230194880768545,0.0697465319741055,0.0177467167275466,0.0362258020364104,0.00133483377326639,5.3213512397561e-09,0.851199075446696
"TCGA-DK-A2I4-01A-11R-A21D-07",0.00688961806453085,0.132697224544328,0.0878399552464314,0.0294932416466717,0.0224395391798957,0.0608930240975905,0.00805572125255829,0.651691675967994
"TCGA-ZF-A9R1-01A-11R-A39I-07",0.00697747047504348,0.023566248083804,0.120023943302046,0.0254782280201726,0.0174294481270282,0.00166830557392262,2.2950906508581e-08,0.804856333467077
"TCGA-DK-AA6T-01A-11R-A39I-07",0.691681412197238,0.0166438751997232,2.24020961014417e-08,2.09158553627905e-08,0.00807308576520947,0.00756654589482908,0.000111728532443429,0.275923309092606
"TCGA-C4-A0F6-01A-11R-A10U-07",0.00350457939767981,0.10268634580361,0.0595485133567503,0.0404925741916924,0.0315440019021066,0.00438216429957067,1.09452517624937e-08,0.757841810103338
"TCGA-DK-A3IN-01A-11R-A20F-07",0.00342538793582546,0.166343094114559,0.0652467843207843,0.010773815205942,0.028445636089398,0.0266906613539966,4.91459294671039e-09,0.699074616064902
"TCGA-4Z-AA7Y-01A-11R-A39I-07",0.00239341520138595,0.0110197412786301,0.104479075762842,0.0253922664163388,0.0354024622560262,0.000797321040848101,3.11379235132965e-09,0.820515714930136
"TCGA-GC-A3OO-01A-11R-A22U-07",0.00348115321912258,0.0657583951430293,0.0776464334821227,0.0212633485021548,0.0445806854923686,0.00540346767689741,9.3263289196742e-10,0.781866515551672
"TCGA-DK-A1AC-01A-11R-A13Y-07",0.00314689300710865,0.0666392734900288,0.0590572940329422,0.0355285688800046,0.0121648906394541,0.017252185847356,4.42026260494549e-08,0.80621084990048
"TCGA-DK-A6AV-01A-12R-A30C-07",0.0051586106373148,0.0239087958541488,0.0595009929979607,0.0249127400685118,0.032472607602939,0.00422409770446513,2.28550720952118e-08,0.849822132279588
"TCGA-CU-A3KJ-01A-11R-A21D-07",0.000948478333636083,0.0255350208665034,0.0369213685060593,0.0126056915856874,0.00509488380976301,0.00938912852011025,2.99862180423058e-10,0.909505428078378
"TCGA-DK-A3IQ-01A-31R-A32Y-07",1.86949664056726e-08,0.999999719493368,1.72770564007017e-07,5.08199866678126e-09,4.90973445256994e-08,1.21785828596183e-08,2.1602102539252e-08,1.08107348662537e-09
"TCGA-UY-A8OC-01A-11R-A36F-07",0.00622441108073921,0.223717480035242,0.023382051205875,1.0277638306165e-07,0.0257115589359058,0.00379571846313442,1.97426905803664e-07,0.717168480075815
"TCGA-DK-A6B5-01A-11R-A31N-07",0.000467061988555973,0.0283715755602469,0.0386076281193805,0.0314309890404741,0.0112749697325619,0.00638050915836111,8.9212831051678e-10,0.883467265508291
"TCGA-ZF-AA51-01A-21R-A39I-07",0.00807240214858977,0.0662245875791667,0.0477077721357325,0.0318702906581783,0.0229273215654057,0.0179722471813621,2.03122419610211e-08,0.805225358419323
"TCGA-G2-A2EF-01A-12R-A18C-07",0.00141600817728594,0.00979513768163611,0.0740157095710995,0.0150236083558653,0.0106774498128426,0.0179565758461969,0.0273081175065803,0.843807393048493
"TCGA-GV-A3JW-01A-11R-A20F-07",0.00155719202528223,0.0288166375257401,0.0557208012612202,0.0350275185974801,0.0231768890653186,0.00118541629959947,1.1973385387065e-08,0.854515533251974
"TCGA-CF-A47X-01A-31R-A23W-07",0.00129998400894027,0.0081980539108996,0.0942872108653591,0.0140031388891354,0.0232523698403806,0.000641087588502844,3.61969541418045e-10,0.858318154534813
"TCGA-BT-A20R-11A-11R-A16R-07",0.00267954870871387,0.0658347577960834,0.0570090693345706,0.0315687571428141,0.071103676813091,0.00402819614864188,2.85351400249765e-08,0.767775965520945
"TCGA-CF-A8HX-01A-11R-A36F-07",1.74295443654027e-05,0.010882133492057,0.191408124342251,0.0106199294124465,0.019483596684805,0.00169243551994816,9.20502349560094e-11,0.765896350912077
"TCGA-FD-A3SN-01A-12R-A22U-07",1.99716798322864e-06,0.0870373303582051,0.0813601034386856,0.0309542959509397,0.0210096938040568,0.0129113418662203,0.00035512017419579,0.766370117239713
"TCGA-DK-A3X1-01A-12R-A22U-07",0.000437438852170236,0.0567603693281326,0.0551505003439566,0.0168420655207627,0.016705102539649,0.00447602847298495,6.85945548289111e-10,0.849628494256398
"TCGA-DK-AA6S-01A-21R-A39I-07",0.000319556193930183,0.320999362670216,0.0344333353763341,1.70199311756398e-06,0.0179035652950424,0.00852073237415409,0.000454577739529419,0.617367168357677
"TCGA-GC-A3YS-01A-11R-A23N-07",2.78517801387568e-08,0.233337627000076,0.0909136250186186,2.63608551586096e-06,0.0155542355636302,0.0148976791910257,0.00119066566500703,0.644103503624346
"TCGA-ZF-AA5H-01A-11R-A39I-07",0.00487054418714772,0.05948339949936,0.0659841094076687,0.0232282433916091,0.0163032267560911,0.0107063288726478,0.00483058767087327,0.814593560214602
"TCGA-FD-A43N-01A-11R-A23W-07",0.00207897261096164,0.149882561356359,0.0507389583263605,0.0494713545382045,0.0531776523901497,0.0072582555784068,1.18942030925676e-07,0.687392126257527
"TCGA-GC-A4ZW-01A-11R-A26T-07",0.00173679307714713,0.00453819756062647,0.0337229211706432,0.0218390808676205,0.0133827631712335,0.00273987340585017,3.77932891085705e-09,0.92204036696755
"TCGA-GC-A3BM-01A-11R-A22U-07",0.00270592468162287,0.0100982873270045,0.0633085324305632,0.0244060174262314,0.0192647910510994,0.00258721282456543,6.36979923408921e-10,0.877629233621933
"TCGA-GU-AATP-01A-11R-A39I-07",0.000282642331791538,0.251093619273844,1.47577794460852e-06,0.0743703086245073,0.0312622282237247,0.00936882728154003,0.000732096414612464,0.632888802072036
"TCGA-PQ-A6FN-01A-11R-A31N-07",0.00667676621013431,0.0461118154470683,0.00721511003705793,0.0196984200902262,0.0253954442547568,0.00400704381658217,0.000488154599896305,0.890407245544278
"TCGA-FD-A43S-01A-21R-A23W-07",0.0663024654485864,0.0566343574820744,0.056684623491707,0.0283947296990614,0.0756129414927283,0.0143866868692291,6.08673473025775e-09,0.701984189429879
"TCGA-FD-A6TI-01A-11R-A32O-07",0.000433545536442804,0.0303354721279156,0.0324871858355383,0.0916932062372276,0.0363565032399623,0.00396426435712383,3.38566790469836e-09,0.804729819280122
"TCGA-UY-A9PF-01A-11R-A38B-07",0.00320875156269404,0.0346971343119689,0.0805953738976331,0.0746525071843047,0.0481523507531842,0.00525420061171486,1.30865427347093e-08,0.753439668591958
"TCGA-XF-A9SK-01A-11R-A42T-07",0.000707450905720535,0.294760362541737,0.0539520774806616,0.0114683691352631,0.0146952737323776,0.0119912192763273,2.5847663183596e-08,0.612425221080249
"TCGA-GV-A3QF-01A-31R-A22U-07",0.00127906495944634,0.0128294929055376,0.0612557071201853,0.0216463453704448,0.0191229423317284,0.00219488296060644,4.00844380880336e-08,0.881671524267613
"TCGA-BT-A2LA-11A-11R-A18C-07",0.00225386025253435,0.0139661807202666,0.0908597226462045,0.027746873421479,0.0226361136287812,0.00320342080504284,2.34997657663306e-11,0.839333828502192
"TCGA-FD-A5BY-01A-31R-A28M-07",7.21020327852258e-06,0.102755850555265,0.0698295299860433,0.0176972864421677,0.0158287156690076,0.00797616248724561,1.04373615283525e-09,0.785905243613256
"TCGA-KQ-A41O-01A-12R-A352-07",5.61666110489267e-07,0.00185354281546761,0.0310531471522508,0.0230286509655272,0.00448290497060683,0.00399150783661083,1.29240426940471e-09,0.935589683301022
"TCGA-CU-A72E-01A-12R-A33J-07",0.0001408323583577,0.0688662178412962,0.0722107504022535,0.0154062223741221,0.014464199757499,0.00439461459534209,9.52122653028873e-10,0.824517161719007
"TCGA-E7-A5KE-01A-11R-A28M-07",0.000883929483726406,0.0049516491194015,0.0389078422595932,0.0239386899371677,0.0213173658325348,0.000365963481259192,1.33566902606108e-10,0.90963455975275
"TCGA-BT-A20W-11A-11R-A14Y-07",0.00960727066623436,0.16158734548058,0.091407998258409,0.0627636614891205,0.0935830724311854,0.00759974402955778,1.07380448241129e-07,0.573450800264464
"TCGA-FD-A3SM-01A-11R-A22U-07",0.00174079349999808,0.1654323409884,0.0450484513425573,0.0540527725275419,0.0282280003849619,0.00304205344800229,2.24196398551945e-08,0.702455565388899
"TCGA-XF-A9SH-01A-11R-A39I-07",0.00311297683132981,0.0143364570859013,0.0485409960638394,0.0325383426849587,0.0280887932348207,0.00381049618891087,6.87892000881327e-10,0.869571937222347
"TCGA-FD-A43P-01A-31R-A23W-07",0.0124233924641776,0.0565272122759356,0.0380873345807084,0.0422179353503733,0.0213155876256922,0.019034121758955,0.0026500860523546,0.807744329891803
"TCGA-BL-A13J-01A-11R-A10U-07",0.000313840887977704,0.130628884783328,0.0327218845089747,0.0235874994233373,0.0134786515028187,0.00409793145705094,6.63058286951075e-09,0.79517130080593
"TCGA-FD-A3SS-01A-12R-A22U-07",4.1233677397678e-07,0.040011941204606,4.34325247839239e-08,0.162021124554274,0.0478550674077732,0.00183567771641281,0.00310304190957015,0.745172691438066
"TCGA-FT-A61P-01A-11R-A30C-07",0.00124693412978262,0.15159036179898,0.0304402455583482,0.0203174034503651,0.019775515151636,0.0137967328303096,0.000763513137585458,0.762069293942993
"TCGA-BT-A20W-01A-21R-A14Y-07",0.00590412735867333,0.035305292879243,0.0554246891754271,0.0210231232281077,0.0547562238438019,0.00335839337886938,2.1291786547695e-09,0.824228148006699
"TCGA-XF-AAN1-01A-31R-A42T-07",0.00129836504367618,0.00821584518630404,0.06798930954707,0.0145866417056817,0.0271155301903976,0.00159819046178982,9.11641063215809e-10,0.879196116953439
"TCGA-GV-A3QG-01A-11R-A220-07",0.0961026160562783,0.172412940640764,0.0849243429351441,0.051776566790844,0.0738781919896134,0.020562345060609,1.63279668336965e-08,0.500342980198781
"TCGA-BL-A13I-01B-04R-A277-07",0.00119670311037535,0.0579779219002134,0.0719862666155082,0.0708200689190824,0.0585036465975762,0.0540952002271203,3.59008908570167e-08,0.685420156729233
"TCGA-BL-A13I-01A-11R-A13Y-07",0.000609106796037301,0.0521030554409945,0.00132929855462381,0.0323124129489636,0.0668453530237252,0.120946211912084,0.000305026775365923,0.725549534548206
"TCGA-FD-A3NA-01A-11R-A21D-07",0.000257583770772713,0.105174208299755,0.0570514678735511,0.0217412402694294,0.0186963472203779,0.00988501777459635,0.00121215130306003,0.785981983488458
"TCGA-E7-A519-01A-11R-A26T-07",0.0019593963241363,0.00401718451565081,0.0244199641769256,0.00983734539218035,0.0281403628094146,0.00185877243211546,0.000333068596345548,0.929433905753231
"TCGA-FD-A5BX-01A-11R-A26T-07",0.000522315036441932,0.126386100776661,2.60291998363708e-07,0.0281762221491725,0.0568444658172448,0.0196028191245962,0.00167879098963188,0.766789025814253
"TCGA-DK-A3IL-01A-11R-A20F-07",0.00645652020144745,0.0452462159052187,0.0454606731244186,0.0708897631148709,0.0280425929007699,0.00193858638521657,7.05440282915293e-08,0.801965577824029
"TCGA-GU-A764-01A-11R-A352-07",0.0140921378780776,0.091036780356046,0.0416487396969753,0.0301778480017483,0.0294063596689397,0.0175926024590461,0.0040421475194382,0.772003384419729
"TCGA-G2-A3IE-01A-11R-A20F-07",0.00243426258354254,0.0284848324887323,0.108748064516236,0.0366372488255563,0.0263083735423837,0.00262299798237443,8.8514913199959e-09,0.794764211209683
"TCGA-GV-A3QH-01A-11R-A220-07",0.00120085069725274,0.00816486542198111,0.0333734212812645,0.0291291320496693,0.0111047779306608,0.00180824023750681,6.8886212425204e-10,0.915218711692802
"TCGA-G2-AA3C-01A-21R-A39I-07",0.000319219683998011,0.0135357996491147,0.0106425891735859,1.72384557853933e-07,0.0270692185893207,0.105781993847864,0.000827665086193279,0.841823341585366
"TCGA-ZF-AA54-01A-11R-A39I-07",0.000721467201732454,0.10462031117783,0.000374506446451741,0.0210555606149849,0.0366029772671264,0.073174763879127,0.000240979791045462,0.763209433621702
"TCGA-4Z-AA86-01A-11R-A39I-07",0.004353544742078,0.180290112602607,0.117753595672761,0.01386805142943,0.0234735337717929,0.027675855078868,0.00629965842902039,0.626285648273443
"TCGA-XF-A9SU-01A-31R-A39I-07",0.00451255115272247,0.108166594303907,0.0242646883631796,0.0493637931821153,0.0412943474608237,0.00680201107264058,2.59256275664391e-08,0.765595988538983
"TCGA-GD-A3OQ-01A-32R-A220-07",0.000717265896685948,0.0509600584610179,0.0954786413149118,0.0326465000809458,0.0206970231758466,0.00222403580164356,2.89114038861008e-09,0.797276472377808
