"","Bcells","CAFs","CD4_Tcells","CD8_Tcells","Endothelial","Macrophages","NKcells","otherCells"
"19127FL-02-35_S64_L006",0.00390178815233105,0.0147720729563047,0.104346515924108,0.0254416126027953,0.0256306412972606,0.00262436723213827,8.22524335100424e-10,0.823283001012538
"19127FL-02-20_S83_L008",0.0117243855926686,0.114674049050172,0.12640085570605,0.0382808986062809,0.0413958805626905,0.0103867149359784,5.42986315549584e-09,0.657137210116297
"19127FL-02-04_S81_L008",0.00829073223882392,0.21833790955215,0.198740859653943,0.0237316796914864,0.0555509876196342,0.00635514066074422,8.46427444787475e-09,0.488992682118944
"19127FL-02-53_S23_L002",0.00516552020378663,0.0978717244692538,0.117384186503619,0.0422744565007324,0.0353945033345431,0.00485251455747085,2.55495401732325e-09,0.69705709187564
"19127FL-02-74_S105_L008",0.00850186184928968,0.43506469829449,0.112402995191217,0.0110588975868778,0.0424446248385472,0.00728302893794618,8.30037194047533e-09,0.383243885001261
"19127FL-02-40_S67_L006",0.00384892018329001,0.0372316797085171,0.0691035359090346,0.0363775839519149,0.023445606964086,0.00098007300955662,7.96744755709422e-10,0.829012599476856
"19127FL-02-64_S65_L006",0.0026924236392628,0.0375542175975566,0.105957935463423,0.0341102763868329,0.0264551894294255,0.00210862101702781,6.5633441210646e-10,0.791121335810137
"19127FL-02-07_S56_L006",0.00393512937125075,0.0334389538243025,0.139796158954154,0.0208569439509963,0.0418098771452134,0.00149157481134712,6.43386046325613e-10,0.75867136129935
"19127FL-02-85_S46_L004",0.100638833945962,0.0956799960001977,0.177291084034414,0.0490198087191828,0.0505761741429901,0.0153688223315717,1.53837343578608e-09,0.511425279287308
"19127FL-02-14_S639_L008",0.0400141704376563,0.191375507008454,0.223340887469145,0.0202506280831371,0.0939461020397765,0.00865087442920005,2.64265052773114e-09,0.422421827889981
"19127FL-02-65_S88_L008",0.0110088778953825,0.0262027926052378,0.136824299455416,0.0510030475506685,0.0355756434328799,0.00555128400970549,2.15068865735856e-08,0.733834033543823
"19127FL-02-02_S55_L006",0.0127813426755805,0.0812023805762268,0.145102055260088,0.0373980389934424,0.0459367421348567,0.0046572514566832,1.15167743517873e-09,0.672922187751445
"19127FL-02-67_S103_L008",0.00204215849478101,0.179857573308693,0.104836492279976,0.0186960238753824,0.0679489578615288,0.00300132695067025,3.71729534618774e-09,0.623617463511673
"19127FL-02-78_S44_L004",0.00554473030279128,0.0272146186829962,0.0861474840952781,0.0432397295904868,0.0413233759804405,0.00504074736095888,2.68093225547408e-10,0.791489313718955
"19127FL-02-56_S24_L002",0.00340284625081475,0.053412498404737,0.155420101028949,0.0133306306138859,0.0353695312834505,0.0230813525210273,1.36212349153657e-09,0.715983038535012
"19127FL-02-57_S78_L007",0.0376262332099509,0.0406856042060077,0.160453733856962,0.0940063726395452,0.0258765517706218,0.0266157172366918,6.77335795597258e-10,0.614735786402884
"19127FL-02-82_S55_L005",0.00336710062985893,0.11470199500208,0.0893149696126644,0.0240784423620882,0.0276923248464488,0.0075321352861291,1.45908666077431e-09,0.733313030801644
"19127FL-02-71_S66_L006",0.00686779245764028,0.0965919554855741,0.128030777196219,0.0431169178176721,0.0437544164358905,0.0211604987448828,4.0798720397313e-09,0.660477637782249
"19127FL-02-54_S69_L006",0.00847207627495481,0.056767319518681,0.13585318685555,0.0437567539535454,0.0794158122095038,0.00675473219340342,1.81401262264544e-09,0.668980117180349
"19127FL-02-52_S22_L002",0.0108645039369836,0.0236441233623802,0.149781977805318,0.0498628614775454,0.0219542753454567,0.00913052081165317,5.8603641333788e-10,0.734761736674627
"19127FL-02-55_S88_L008",0.00132917623891295,0.283807580557768,0.160357056793839,1.11603864828315e-05,0.0234871565815993,0.00456732105007513,2.85000050365617e-09,0.526440545541322
"19127FL-02-01_S70_L007",0.0102349346357347,0.122061418035338,0.155209994196294,0.0184395468710145,0.0369171903113859,0.0138620034190854,9.89245225003850e-11,0.643274912432223
"19127FL-02-46_S21_L002",0.00860804377776313,0.0307893962618079,0.132916334908661,0.0397050622362578,0.0529862833068278,0.00403886331507284,4.7981484272384e-10,0.730956015713794
"19127FL-02-13_S73_L007",0.00928224598170082,0.124318229314131,0.0976368774549296,0.0293593382776368,0.0351854858705249,0.00576027651727903,9.03877502697510e-10,0.69845754567992
"19127FL-02-86_S80_L007",0.00928813355644823,0.0753642670098455,0.127477428228245,0.0306381498718347,0.0310237683711683,0.00570576030171282,2.4220096114469e-08,0.720502468440649
"19127FL-02-73_S104_L008",0.00557734967701427,0.0133741709643422,0.112318555444457,0.0293887825269067,0.0369549199384787,0.00289191870006478,2.63089119194384e-10,0.799494302485648
"19127FL-02-38_S75_L007",0.0234079302565972,0.0515160381403282,0.106797133787768,0.0471735719379912,0.0441061186357689,0.0124495390181737,3.72418391375873e-09,0.714549664499189
"19127FL-02-44_S77_L007",0.0144049640313164,0.149220646970395,0.144515439316617,0.0514746872238703,0.0571096666322404,0.00606464126256414,1.84506327530623e-09,0.577209952717934
"19127FL-02-66_S102_L008",0.00194575689132739,0.0458677258666515,0.110042247486712,0.0279111378916126,0.0321015376723697,0.0021783564960692,2.52411281907086e-08,0.77995321245413
"19127FL-02-10_S57_L006",0.020168190505698,0.0203019365508317,0.13683083172242,0.0518173850172919,0.0424249581731738,0.00780938119481328,2.45360003292467e-10,0.720647316590411
"19127FL-02-08_S71_L007",0.0103184464449952,0.0558222255416336,0.0850502949854858,0.026250069958261,0.0557616923909443,0.00501806386666045,3.02869569573992e-11,0.761779206781733
"19127FL-02-49_S87_L008",0.00635354764390638,0.0388453739207886,0.0864472662770357,0.0355737595889988,0.0287372457481215,0.00448112732231375,1.30255101348034e-09,0.799561678196284
"19127FL-02-37_S66_L006",0.0123693464268071,0.153619705087322,0.105567670210384,0.0587869714229399,0.0377667138621257,0.00933910471312409,5.6497506284131e-09,0.622550482627546
"19127FL-02-24_S84_L008",4.94367607187587e-08,0.0566278990178933,0.203520935841358,4.41229332245688e-09,0.0236243837550272,0.0136638465499234,1.50260532497576e-05,0.702547854933494
"19127FL-02-48_S86_L008",0.00904020851826036,0.0621044685630047,0.160220787966799,0.0460758141574034,0.0610940567635243,0.00856087843534764,6.90411850942299e-10,0.652903784905248
"19127FL-02-22_S641_L008",0.00550665804143909,0.15583166316627,0.120034777941421,0.0347010354279191,0.0348078786149579,0.0102317022069794,3.7663596834073e-10,0.638886284224377
"19127FL-02-69_S78_L007",0.0173022078458457,0.0670624511202245,0.133875393031946,0.0344299723803652,0.0501677527318967,0.00455162581278633,4.28449065920206e-10,0.692610596648486
"19127FL-02-79_S67_L006",0.00513668577397623,0.0421829137559052,0.111561617197108,0.0349456698608076,0.0293940237760244,0.0129008622592583,2.33324213029329e-09,0.763878225043678
"19127FL-02-87_S81_L007",0.0106784972186668,0.17636699295273,0.179899574146186,0.0288293287347562,0.049804924113108,0.00747147782413698,1.11806340524014e-10,0.54694920489861
"19127FL-02-21_S18_L002",0.0295441773228418,0.0417288245087753,0.14133213127837,0.0573719385531713,0.0568772042610305,0.0112638849746031,3.51390332893946e-10,0.661881838749817
"19127FL-02-06_S14_L002",0.00794897665063922,0.180661623478529,0.110653797932417,0.0193852770947415,0.0532604817977137,0.00646275024886989,1.28805805260466e-09,0.621627091509032
"19127FL-02-50_S68_L006",0.00151481619613957,0.0592007683297541,0.0411718998941759,0.0430633775616348,0.0640585049970676,0.00578784490176241,2.77227453909374e-09,0.785202785347191
"19127FL-02-77_S43_L004",0.0327821300884179,0.176803014900141,0.170625935074277,0.0792024985818603,0.0682249157055039,0.0158061691071477,3.46019660629489e-08,0.456555301940686
"19127FL-02-18_S17_L002",0.0327794271793344,0.34335976664926,0.131080038149407,0.0179255702630905,0.042673519686895,0.0184723009433608,2.1102474270067e-08,0.413709356026178
"19127FL-02-90_S69_L006",0.00228692853226469,0.034339627133641,0.0753077359229926,0.0736108942876762,0.0334396957895209,0.00315933165354088,1.73710389452374e-07,0.777855612969974
"19127FL-02-68_S39_L004",0.0174008131447832,0.32663700447648,0.123888544525114,0.0350138785194629,0.0540290750243213,0.0092096632011324,9.34524329151541e-11,0.433821021015253
"19127FL-02-51_S647_L008",0.00615163021032046,0.0573451473847735,0.14454046994668,0.0393106017430005,0.0280407807447322,0.00149626993948403,4.59054151564677e-09,0.723115095440468
"19127FL-02-28_S59_L006",0.00622360735414555,0.231937067909782,0.109101637988672,0.018704032233048,0.0343909388063614,0.00749994543359752,1.22929408548842e-09,0.592142769045099
"19127FL-02-36_S65_L006",0.0143863106091631,0.0378567966164759,0.0932629358778977,0.0263499010539962,0.0478788300019781,0.00323077058440756,5.49244812988838e-10,0.777034454706837
"19127FL-02-03_S638_L008",0.00114321678803258,0.0386586047992854,0.0696162476455264,0.0222438414337739,0.0200324782668819,0.00564042055848807,1.60166662155923e-12,0.84266519050641
"19127FL-02-17_S640_L008",0.0264284096030724,0.0195649296391462,0.138085191115784,0.041038501121593,0.0652921498308659,0.00828823653441145,1.16477637092747e-09,0.70130258099035
"19127FL-02-25_S74_L007",0.0865785293083561,0.29249404405587,0.272488073042291,0.0653802238777756,0.042469549236933,0.0143424121023132,1.7720938813962e-07,0.226246991167073
"19127FL-02-27_S643_L008",0.0286457226137652,0.132725619513674,0.124346793662026,0.0571806392760862,0.0531337855388437,0.0141051506098972,3.56135525242887e-10,0.589862288429572
"19127FL-02-30_S60_L006",0.00176878391611963,0.102951287918734,0.0739252841147374,0.0278487008358736,0.0305131979660818,0.00361939432797681,1.96951792440489e-07,0.759373153968684
"19127FL-02-39_S85_L008",0.00425348176053462,0.144688020045136,0.0823417731515044,0.0240852775529867,0.0318580100466418,0.00393892835088223,5.6730950909381e-09,0.708834503419219
"19127FL-02-31_S61_L006",0.00906012888942211,0.024279768935694,0.103216129242509,0.0333023837208726,0.0298687369695547,0.00290198930680462,1.72422054480731e-10,0.797370862762721
"19127FL-02-09_S72_L007",0.00339652632005181,0.018810033316283,0.107604582475092,0.0266591595489049,0.044518753606024,0.00242464901470406,1.28963268317051e-10,0.796586295589977
"19127FL-02-76_S42_L004",0.000113504300671876,0.0477753562098656,5.94121858548675e-09,0.172545774094962,0.0709140256058045,0.00375914350460327,8.90426178806379e-12,0.70489219033397
"19127FL-02-43_S645_L008",0.0185125910549035,0.110168128566332,0.177483744130789,0.033971586720583,0.0588994934011025,0.00857954260830412,2.21733612998729e-09,0.59238491130065
"19127FL-02-34_S20_L002",0.0101788313543242,0.331923909890477,0.166983333791404,0.0103746067700552,0.06203952524241,0.0148420246013456,1.30842808132166e-09,0.403657767041555
"19127FL-02-16_S16_L002",0.00800832605169891,0.117405611756469,0.166146118870197,0.0340921331957339,0.0548132991635087,0.00578571587692266,4.73638534537682e-09,0.613748790349085
"19127FL-02-41_S76_L007",0.00533189140278519,0.0358135876975303,0.177733697142056,0.0317515205819876,0.0471856497616063,0.00155093126896739,4.297574003974e-08,0.700632679169327
"19127FL-02-19_S58_L006",0.00461778806271554,0.0415775199246272,0.124710221367998,0.0314316944160095,0.0529451331177005,0.00419934989107973,4.43725817217019e-09,0.740518288782611
"19127FL-02-23_S19_L002",0.0100209848734208,0.137639904661081,0.0805915346068682,0.0228607380670466,0.0327312248831726,0.00604494702409388,4.49819304959299e-09,0.710110661386124
"19127FL-02-59_S90_L008",0.0035675657323276,0.0148074344430944,0.0900462218987098,0.0337125175405491,0.0279733331279669,0.00235796759402966,2.66128456687609e-10,0.827534959397194
"19127FL-02-88_S68_L006",0.0303407936446154,0.0306372218428174,0.154011287173137,0.0254738390680592,0.057105344500584,0.00554983397536152,6.0851972775314e-09,0.696881673710228
"19127FL-02-33_S63_L006",0.000881805231432212,0.043896318985899,0.152301894561302,0.026115554464287,0.0730482250430165,0.00192154607364174,5.63465250759431e-10,0.701834655076956
"19127FL-02-89_S89_L008",3.49232441653057e-06,0.111598446270434,0.158801936769207,0.152185864197183,0.0208916692962698,0.0735412378909934,0.00177781702614904,0.481199536225348
"19127FL-02-45_S100_L008",0.0436960670721163,0.0341379197861521,0.187854173489952,0.0340702074351937,0.0475448418672725,0.00395856795627805,1.63757617306974e-08,0.648738206017273
"19127FL-02-83_S56_L005",0.0166385484955864,0.0348238963206948,0.148488486463543,0.0408315448352547,0.0364116432125736,0.0063930803937783,1.38278848326985e-09,0.716412798895781
"19127FL-02-60_S101_L008",0.00620744281219839,0.331995507255777,0.155918393296641,0.0281153044479114,0.0558909090005205,0.00989182178778167,1.46629980373172e-09,0.411980619932871
"19127FL-02-42_S644_L008",0.00784506941721126,0.273137319041648,0.177888418315145,0.012387109666196,0.0539717745799858,0.0133493805830312,5.27226028301363e-09,0.461420923124523
"19127FL-02-15_S15_L002",0.0246721856491368,0.230906134397198,0.298713616701559,0.0112361784184025,0.0758136841712231,0.0134653193074469,1.54378960411895e-09,0.345192879811244
"19127FL-02-11_S25_L003",0.00352572870222219,0.00722865405535766,0.174163146028549,0.0414165428687443,0.0225348836146028,0.000899329064221643,8.65671837164695e-12,0.750231715657646
"19127FL-02-61_S29_L003",0.00396053609080885,0.00903833243753892,0.0938390641611973,0.035193111980813,0.0323350485212555,0.00227306940141532,6.60943297007565e-12,0.823360837400362
"19127FL-02-62_S80_L007",0.0232325485312939,0.057676936269405,0.168363674570569,0.0672147925103523,0.0504130554298045,0.017583860302961,9.65775555403336e-10,0.615515131419839
"19127FL-02-75_S79_L007",0.00985058207609116,0.0174919016497342,0.0575045738482911,0.0581652957187865,0.0187305441840663,0.00393428684198616,1.18799787120641e-09,0.834322814493047
"19127FL-02-26_S642_L008",0.00316450176753367,0.0901924704026426,0.115601727376465,0.0303810557329438,0.0366450447431687,0.00230325241225299,1.57500602404913e-10,0.721711947407493
"19127FL-02-58_S89_L008",0.00990387044550023,0.113610978793333,0.104462565035262,0.0483383171454952,0.0439053164637488,0.0131522092659203,1.97562812264046e-08,0.666626723094459
"19127FL-02-05_S82_L008",0.00885927012619879,0.0280584128933111,0.111103676554416,0.0374251162899227,0.0249428699746915,0.00307361850182521,6.90872786501659e-10,0.786537034968762
"19127FL-02-32_S62_L006",0.0032787995608588,0.0851097637866664,0.104428949261471,0.0393649652819381,0.0407516444883901,0.0041387867226886,6.02726730267763e-10,0.722927090295261
"19127FL-02-80_S54_L005",0.00677343934942223,0.0760108442832655,0.14786108898421,0.0439128069912315,0.0384773899387222,0.00350003651451516,4.41616307370302e-10,0.683464393497017
